#NSTP            DELTAT         TIME    POT. FLUX    ACT. FLUX    OVL. FLUX    RET. FLUX    SEEP FLUX    REC. FLUX     REC.VOL.
         1  1.00000E-02  1.00000E-02  0.00000E+00 -9.18446E-05  9.18446E-05  9.18446E-05  0.00000E+00  6.48851E-05  6.48851E-09
         2  5.00000E-03  1.50000E-02  0.00000E+00 -9.73641E-05  1.00238E-04  1.05139E-04  0.00000E+00  8.32745E-05  1.06522E-08
         3  5.50000E-03  2.05000E-02  0.00000E+00 -1.11090E-04  1.13554E-04  1.16227E-04  0.00000E+00  9.83906E-05  1.60637E-08
         4  6.05000E-03  2.65500E-02  0.00000E+00 -1.20087E-04  1.22115E-04  1.26327E-04  0.00000E+00  1.11966E-04  2.28377E-08
         5  6.05000E-03  3.26000E-02  0.00000E+00 -1.29234E-04  1.31055E-04  1.34757E-04  0.00000E+00  1.23600E-04  3.03155E-08
         6  6.05000E-03  3.86500E-02  0.00000E+00 -1.35823E-04  1.38055E-04  1.42150E-04  0.00000E+00  1.33908E-04  3.84169E-08
         7  6.05000E-03  4.47000E-02  0.00000E+00 -1.44927E-04  1.46758E-04  1.48996E-04  0.00000E+00  1.43311E-04  4.70873E-08
         8  3.02500E-03  4.77250E-02  0.00000E+00 -1.41544E-04  1.49566E-04  1.52233E-04  0.00000E+00  1.47754E-04  5.15568E-08
         9  3.32750E-03  5.10525E-02  0.00000E+00 -1.47072E-04  1.52429E-04  1.55569E-04  0.00000E+00  1.52454E-04  5.66297E-08
        10  3.66025E-03  5.47128E-02  0.00000E+00 -1.52259E-04  1.55696E-04  1.59034E-04  0.00000E+00  1.57354E-04  6.23893E-08
        11  3.66025E-03  5.83730E-02  0.00000E+00 -1.55720E-04  1.58451E-04  1.62302E-04  0.00000E+00  1.62066E-04  6.83213E-08
        12  4.02628E-03  6.23993E-02  0.00000E+00 -1.59624E-04  1.61451E-04  1.65733E-04  0.00000E+00  1.67002E-04  7.50453E-08
        13  4.02628E-03  6.64256E-02  0.00000E+00 -1.62676E-04  1.64265E-04  1.69036E-04  0.00000E+00  1.71736E-04  8.19598E-08
        14  4.02628E-03  7.04518E-02  0.00000E+00 -1.65770E-04  1.67168E-04  1.72205E-04  0.00000E+00  1.76274E-04  8.90571E-08
        15  4.02628E-03  7.44781E-02  0.00000E+00 -1.69580E-04  1.70954E-04  1.75229E-04  0.00000E+00  1.80591E-04  9.63282E-08
        16  4.02628E-03  7.85044E-02  0.00000E+00 -1.71836E-04  1.73724E-04  1.78142E-04  0.00000E+00  1.84757E-04  1.03767E-07
        17  4.02628E-03  8.25306E-02  0.00000E+00 -1.74976E-04  1.76561E-04  1.80946E-04  0.00000E+00  1.88787E-04  1.11368E-07
        18  4.02628E-03  8.65569E-02  0.00000E+00 -1.77505E-04  1.78938E-04  1.83663E-04  0.00000E+00  1.92682E-04  1.19126E-07
        19  4.02628E-03  9.05832E-02  0.00000E+00 -1.80356E-04  1.81419E-04  1.86315E-04  0.00000E+00  1.96444E-04  1.27035E-07
        20  4.02628E-03  9.46095E-02  0.00000E+00 -1.82897E-04  1.83885E-04  1.88882E-04  0.00000E+00  2.00078E-04  1.35091E-07
        21  4.02628E-03  9.86357E-02  0.00000E+00 -1.84802E-04  1.85868E-04  1.91361E-04  0.00000E+00  2.03620E-04  1.43289E-07
        22  4.42890E-03  1.03065E-01  0.00000E+00 -1.87487E-04  1.88318E-04  1.93992E-04  0.00000E+00  2.07366E-04  1.52473E-07
        23  4.42890E-03  1.07494E-01  0.00000E+00 -1.90325E-04  1.91310E-04  1.96535E-04  0.00000E+00  2.10990E-04  1.61818E-07
        24  4.42890E-03  1.11922E-01  0.00000E+00 -1.92289E-04  1.93896E-04  1.99008E-04  0.00000E+00  2.14453E-04  1.71316E-07
        25  4.42890E-03  1.16351E-01  0.00000E+00 -1.94459E-04  1.96228E-04  2.01402E-04  0.00000E+00  2.17824E-04  1.80963E-07
        26  4.42890E-03  1.20780E-01  0.00000E+00 -1.96787E-04  1.98531E-04  2.03732E-04  0.00000E+00  2.21084E-04  1.90755E-07
        27  4.42890E-03  1.25209E-01  0.00000E+00 -1.99088E-04  2.00754E-04  2.05981E-04  0.00000E+00  2.24235E-04  2.00686E-07
        28  4.42890E-03  1.29638E-01  0.00000E+00 -2.01442E-04  2.02993E-04  2.08161E-04  0.00000E+00  2.27290E-04  2.10752E-07
        29  4.42890E-03  1.34067E-01  0.00000E+00 -2.03719E-04  2.05147E-04  2.10273E-04  0.00000E+00  2.30233E-04  2.20949E-07
        30  4.42890E-03  1.38496E-01  0.00000E+00 -2.05847E-04  2.07207E-04  2.12323E-04  0.00000E+00  2.33084E-04  2.31272E-07
        31  4.42890E-03  1.42925E-01  0.00000E+00 -2.07756E-04  2.09137E-04  2.14323E-04  0.00000E+00  2.35852E-04  2.41718E-07
        32  4.42890E-03  1.47354E-01  0.00000E+00 -2.09585E-04  2.11120E-04  2.16261E-04  0.00000E+00  2.38523E-04  2.52282E-07
        33  4.42890E-03  1.51783E-01  0.00000E+00 -2.11237E-04  2.12902E-04  2.18137E-04  0.00000E+00  2.41119E-04  2.62961E-07
        34  4.42890E-03  1.56211E-01  0.00000E+00 -2.13000E-04  2.14627E-04  2.19954E-04  0.00000E+00  2.43638E-04  2.73751E-07
        35  4.42890E-03  1.60640E-01  0.00000E+00 -2.14425E-04  2.16088E-04  2.21720E-04  0.00000E+00  2.46091E-04  2.84650E-07
        36  4.87179E-03  1.65512E-01  0.00000E+00 -2.17082E-04  2.18446E-04  2.23597E-04  0.00000E+00  2.48668E-04  2.96765E-07
        37  4.87179E-03  1.70384E-01  0.00000E+00 -2.18459E-04  2.20196E-04  2.25417E-04  0.00000E+00  2.51164E-04  3.09001E-07
        38  4.87179E-03  1.75256E-01  0.00000E+00 -2.20258E-04  2.20935E-04  2.27181E-04  0.00000E+00  2.53591E-04  3.21355E-07
        39  4.87179E-03  1.80128E-01  0.00000E+00 -2.22391E-04  2.23003E-04  2.28889E-04  0.00000E+00  2.55934E-04  3.33824E-07
        40  5.35897E-03  1.85487E-01  0.00000E+00 -2.24751E-04  2.25136E-04  2.30698E-04  0.00000E+00  2.58391E-04  3.47671E-07
        41  5.35897E-03  1.90846E-01  0.00000E+00 -2.25947E-04  2.26627E-04  2.32438E-04  0.00000E+00  2.60770E-04  3.61646E-07
        42  5.89487E-03  1.96740E-01  0.00000E+00 -2.28155E-04  2.28652E-04  2.34277E-04  0.00000E+00  2.63270E-04  3.77165E-07
        43  5.89487E-03  2.02635E-01  0.00000E+00 -2.29610E-04  2.30386E-04  2.36061E-04  0.00000E+00  2.65667E-04  3.92826E-07
        44  5.89487E-03  2.08530E-01  0.00000E+00 -2.31292E-04  2.32064E-04  2.37772E-04  0.00000E+00  2.67974E-04  4.08623E-07
        45  5.89487E-03  2.14425E-01  0.00000E+00 -2.34115E-04  2.34918E-04  2.39415E-04  0.00000E+00  2.70178E-04  4.24549E-07
        46  5.89487E-03  2.20320E-01  0.00000E+00 -2.34500E-04  2.36444E-04  2.40992E-04  0.00000E+00  2.72261E-04  4.40599E-07
        47  5.89487E-03  2.26215E-01  0.00000E+00 -2.36129E-04  2.37960E-04  2.42510E-04  0.00000E+00  2.74292E-04  4.56768E-07
        48  5.89487E-03  2.32110E-01  0.00000E+00 -2.37635E-04  2.39437E-04  2.43966E-04  0.00000E+00  2.76236E-04  4.73052E-07
        49  5.89487E-03  2.38004E-01  0.00000E+00 -2.39135E-04  2.40849E-04  2.45363E-04  0.00000E+00  2.78099E-04  4.89445E-07
        50  5.89487E-03  2.43899E-01  0.00000E+00 -2.40768E-04  2.42399E-04  2.46705E-04  0.00000E+00  2.79890E-04  5.05944E-07
        51  5.89487E-03  2.49794E-01  0.00000E+00 -2.41998E-04  2.43731E-04  2.47991E-04  0.00000E+00  2.81594E-04  5.22544E-07
        52  5.89487E-03  2.55689E-01  0.00000E+00 -2.43176E-04  2.44823E-04  2.49225E-04  0.00000E+00  2.83245E-04  5.39241E-07
        53  6.48436E-03  2.62173E-01  0.00000E+00 -2.45338E-04  2.46648E-04  2.50520E-04  0.00000E+00  2.84965E-04  5.57719E-07
        54  6.48436E-03  2.68658E-01  0.00000E+00 -2.46616E-04  2.47984E-04  2.51762E-04  0.00000E+00  2.86590E-04  5.76302E-07
        55  6.48436E-03  2.75142E-01  0.00000E+00 -2.47756E-04  2.49058E-04  2.52962E-04  0.00000E+00  2.88164E-04  5.94988E-07
        56  7.13279E-03  2.82275E-01  0.00000E+00 -2.49386E-04  2.50360E-04  2.54206E-04  0.00000E+00  2.89800E-04  6.15659E-07
        57  7.13279E-03  2.89408E-01  0.00000E+00 -2.50819E-04  2.51782E-04  2.55389E-04  0.00000E+00  2.91346E-04  6.36440E-07
        58  7.13279E-03  2.96541E-01  0.00000E+00 -2.51710E-04  2.52797E-04  2.56513E-04  0.00000E+00  2.92831E-04  6.57327E-07
        59  7.84607E-03  3.04387E-01  0.00000E+00 -2.53180E-04  2.54011E-04  2.57681E-04  0.00000E+00  2.94371E-04  6.80424E-07
        60  7.84607E-03  3.12233E-01  0.00000E+00 -2.54330E-04  2.55177E-04  2.58787E-04  0.00000E+00  2.95827E-04  7.03634E-07
        61  7.84607E-03  3.20079E-01  0.00000E+00 -2.55240E-04  2.56124E-04  2.59832E-04  0.00000E+00  2.97215E-04  7.26954E-07
        62  8.63068E-03  3.28709E-01  0.00000E+00 -2.56569E-04  2.57280E-04  2.60912E-04  0.00000E+00  2.98636E-04  7.52728E-07
        63  8.63068E-03  3.37340E-01  0.00000E+00 -2.57424E-04  2.58202E-04  2.61929E-04  0.00000E+00  2.99986E-04  7.78619E-07
        64  9.49375E-03  3.46834E-01  0.00000E+00 -2.59070E-04  2.59746E-04  2.62973E-04  0.00000E+00  3.01351E-04  8.07229E-07
        65  9.49375E-03  3.56328E-01  0.00000E+00 -2.59672E-04  2.60831E-04  2.63950E-04  0.00000E+00  3.02630E-04  8.35960E-07
        66  9.49375E-03  3.65821E-01  0.00000E+00 -2.60805E-04  2.61672E-04  2.64864E-04  0.00000E+00  3.03831E-04  8.64805E-07
        67  9.49375E-03  3.75315E-01  0.00000E+00 -2.61566E-04  2.62592E-04  2.65717E-04  0.00000E+00  3.04946E-04  8.93755E-07
        68  1.04431E-02  3.85758E-01  0.00000E+00 -2.62729E-04  2.63558E-04  2.66588E-04  0.00000E+00  3.06077E-04  9.25719E-07
        69  1.04431E-02  3.96201E-01  0.00000E+00 -2.63429E-04  2.64302E-04  2.67398E-04  0.00000E+00  3.07138E-04  9.57794E-07
        70  1.14874E-02  4.07689E-01  0.00000E+00 -2.64355E-04  2.65054E-04  2.68218E-04  0.00000E+00  3.08211E-04  9.93200E-07
        71  1.26362E-02  4.20325E-01  0.00000E+00 -2.65257E-04  2.65806E-04  2.69042E-04  0.00000E+00  3.09284E-04  1.03228E-06
        72  1.38998E-02  4.34225E-01  0.00000E+00 -2.66656E-04  2.67088E-04  2.69861E-04  0.00000E+00  3.10319E-04  1.07542E-06
        73  1.38998E-02  4.48124E-01  0.00000E+00 -2.66961E-04  2.67772E-04  2.70603E-04  0.00000E+00  3.11269E-04  1.11868E-06
        74  1.52898E-02  4.63414E-01  0.00000E+00 -2.67799E-04  2.68442E-04  2.71333E-04  0.00000E+00  3.12205E-04  1.16642E-06
        75  1.68187E-02  4.80233E-01  0.00000E+00 -2.68588E-04  2.69092E-04  2.72046E-04  0.00000E+00  3.13107E-04  1.21908E-06
        76  1.85006E-02  4.98734E-01  0.00000E+00 -2.69453E-04  2.69862E-04  2.72733E-04  0.00000E+00  3.13949E-04  1.27716E-06
        77  1.85006E-02  5.17234E-01  0.00000E+00 -2.69889E-04  2.70405E-04  2.73334E-04  0.00000E+00  3.14693E-04  1.33538E-06
        78  2.03507E-02  5.37585E-01  0.00000E+00 -2.70483E-04  2.70914E-04  2.73903E-04  0.00000E+00  3.15384E-04  1.39956E-06
        79  2.23858E-02  5.59971E-01  0.00000E+00 -2.71897E-04  2.72255E-04  2.74432E-04  0.00000E+00  3.15973E-04  1.47030E-06
        80  2.23858E-02  5.82356E-01  0.00000E+00 -2.71700E-04  2.72789E-04  2.74882E-04  0.00000E+00  3.16445E-04  1.54113E-06
        81  2.23858E-02  6.04742E-01  0.00000E+00 -2.71973E-04  2.73127E-04  2.75269E-04  0.00000E+00  3.16625E-04  1.61201E-06
        82  2.46243E-02  6.29367E-01  0.00000E+00 -2.72560E-04  2.73566E-04  2.75621E-04  0.00000E+00  3.16741E-04  1.69001E-06
        83  2.46243E-02  6.53991E-01  0.00000E+00 -2.72726E-04  2.73813E-04  2.75912E-04  0.00000E+00  3.16846E-04  1.76803E-06
        84  2.70868E-02  6.81078E-01  0.00000E+00 -2.73078E-04  2.74025E-04  2.76171E-04  0.00000E+00  3.16901E-04  1.85387E-06
        85  2.97954E-02  7.10873E-01  0.00000E+00 -2.73499E-04  2.74325E-04  2.76393E-04  0.00000E+00  3.16887E-04  1.94829E-06
        86  2.97954E-02  7.40669E-01  0.00000E+00 -2.73546E-04  2.74455E-04  2.76567E-04  0.00000E+00  3.16856E-04  2.04269E-06
        87  3.27750E-02  7.73444E-01  0.00000E+00 -2.73756E-04  2.74552E-04  2.76710E-04  0.00000E+00  3.16766E-04  2.14651E-06
        88  3.60525E-02  8.09496E-01  0.00000E+00 -2.73916E-04  2.74615E-04  2.76822E-04  0.00000E+00  3.16621E-04  2.26066E-06
        89  3.96577E-02  8.49154E-01  0.00000E+00 -2.74029E-04  2.74644E-04  2.76902E-04  0.00000E+00  3.16626E-04  2.38623E-06
        90  4.36235E-02  8.92777E-01  0.00000E+00 -2.74097E-04  2.74640E-04  2.76951E-04  0.00000E+00  3.16001E-04  2.52408E-06
        91  4.79859E-02  9.40763E-01  0.00000E+00 -2.74123E-04  2.74604E-04  2.76971E-04  0.00000E+00  3.15526E-04  2.67549E-06
        92  5.27844E-02  9.93548E-01  0.00000E+00 -2.74231E-04  2.74669E-04  2.76962E-04  0.00000E+00  3.14712E-04  2.84161E-06
        93  5.27844E-02  1.04633E+00  0.00000E+00 -2.74028E-04  2.74588E-04  2.76936E-04  0.00000E+00  3.13687E-04  3.00719E-06
        94  5.80629E-02  1.10439E+00  0.00000E+00 -2.74093E-04  2.74598E-04  2.76887E-04  0.00000E+00  3.12343E-04  3.18854E-06
        95  5.80629E-02  1.16246E+00  0.00000E+00 -2.73884E-04  2.74488E-04  2.76831E-04  0.00000E+00  3.10152E-04  3.36862E-06
        96  6.38692E-02  1.22633E+00  0.00000E+00 -2.73956E-04  2.74495E-04  2.76757E-04  0.00000E+00  3.07008E-04  3.56471E-06
        97  6.38692E-02  1.29020E+00  0.00000E+00 -2.73703E-04  2.74367E-04  2.76681E-04  0.00000E+00  3.04050E-04  3.75890E-06
        98  7.02561E-02  1.36045E+00  0.00000E+00 -2.73628E-04  2.74224E-04  2.76595E-04  0.00000E+00  3.02200E-04  3.97122E-06
        99  7.72817E-02  1.43773E+00  0.00000E+00 -2.73738E-04  2.74281E-04  2.76494E-04  0.00000E+00  2.99030E-04  4.20231E-06
       100  7.72817E-02  1.51502E+00  0.00000E+00 -2.73369E-04  2.74130E-04  2.76399E-04  0.00000E+00  2.96750E-04  4.43165E-06
       101  8.50099E-02  1.60003E+00  0.00000E+00 -2.73576E-04  2.74264E-04  2.76292E-04  0.00000E+00  2.94977E-04  4.68240E-06
       102  8.50099E-02  1.68504E+00  0.00000E+00 -2.73128E-04  2.74109E-04  2.76193E-04  0.00000E+00  2.92418E-04  4.93099E-06
       103  9.35109E-02  1.77855E+00  0.00000E+00 -2.73169E-04  2.74051E-04  2.76082E-04  0.00000E+00  2.90708E-04  5.20283E-06
       104  9.35109E-02  1.87206E+00  0.00000E+00 -2.72906E-04  2.73890E-04  2.75977E-04  0.00000E+00  2.89863E-04  5.47389E-06
       105  1.02862E-01  1.97492E+00  0.00000E+00 -2.72828E-04  2.73715E-04  2.75864E-04  0.00000E+00  2.88271E-04  5.77041E-06
       106  1.13148E-01  2.08807E+00  0.00000E+00 -2.72719E-04  2.73526E-04  2.75744E-04  0.00000E+00  2.87410E-04  6.09561E-06
       107  1.24463E-01  2.21253E+00  0.00000E+00 -2.72586E-04  2.73322E-04  2.75618E-04  0.00000E+00  2.84037E-04  6.44913E-06
       108  1.36909E-01  2.34944E+00  0.00000E+00 -2.72723E-04  2.73396E-04  2.75474E-04  0.00000E+00  2.79546E-04  6.83185E-06
       109  1.36909E-01  2.48635E+00  0.00000E+00 -2.72237E-04  2.73192E-04  2.75343E-04  0.00000E+00  2.77289E-04  7.21149E-06
       110  1.50600E-01  2.63695E+00  0.00000E+00 -2.72106E-04  2.72972E-04  2.75203E-04  0.00000E+00  2.73527E-04  7.62342E-06
       111  1.65660E-01  2.80261E+00  0.00000E+00 -2.71952E-04  2.72736E-04  2.75054E-04  0.00000E+00  2.69994E-04  8.07069E-06
       112  1.82226E-01  2.98484E+00  0.00000E+00 -2.72224E-04  2.72941E-04  2.74885E-04  0.00000E+00  2.67379E-04  8.55793E-06
       113  1.82226E-01  3.16706E+00  0.00000E+00 -2.71618E-04  2.72711E-04  2.74731E-04  0.00000E+00  2.64051E-04  9.03910E-06
       114  2.00449E-01  3.36751E+00  0.00000E+00 -2.71670E-04  2.72645E-04  2.74558E-04  0.00000E+00  2.61994E-04  9.56426E-06
       115  2.00449E-01  3.56796E+00  0.00000E+00 -2.71264E-04  2.72408E-04  2.74398E-04  0.00000E+00  2.59391E-04  1.00842E-05
       116  2.20494E-01  3.78845E+00  0.00000E+00 -2.71125E-04  2.72153E-04  2.74227E-04  0.00000E+00  2.57476E-04  1.06519E-05
       117  2.42543E-01  4.03100E+00  0.00000E+00 -2.71078E-04  2.72004E-04  2.74039E-04  0.00000E+00  2.54159E-04  1.12684E-05
       118  2.42543E-01  4.27354E+00  0.00000E+00 -2.70699E-04  2.71743E-04  2.73865E-04  0.00000E+00  2.50935E-04  1.18770E-05
       119  2.66797E-01  4.54034E+00  0.00000E+00 -2.70527E-04  2.71462E-04  2.73679E-04  0.00000E+00  2.47655E-04  1.25377E-05
       120  2.93477E-01  4.83381E+00  0.00000E+00 -2.70654E-04  2.71491E-04  2.73458E-04  0.00000E+00  2.44188E-04  1.32544E-05
       121  2.93477E-01  5.12729E+00  0.00000E+00 -2.70039E-04  2.71208E-04  2.73267E-04  0.00000E+00  2.41593E-04  1.39634E-05
       122  3.22825E-01  5.45012E+00  0.00000E+00 -2.70009E-04  2.71062E-04  2.73056E-04  0.00000E+00  2.38222E-04  1.47324E-05
       123  3.22825E-01  5.77294E+00  0.00000E+00 -2.69562E-04  2.70776E-04  2.72865E-04  0.00000E+00  2.35513E-04  1.54927E-05
       124  3.55107E-01  6.12805E+00  0.00000E+00 -2.69765E-04  2.70861E-04  2.72629E-04  0.00000E+00  2.32218E-04  1.63173E-05
       125  3.55107E-01  6.48315E+00  0.00000E+00 -2.69091E-04  2.70575E-04  2.72432E-04  0.00000E+00  2.30060E-04  1.71343E-05
       126  3.90618E-01  6.87377E+00  0.00000E+00 -2.68932E-04  2.70265E-04  2.72222E-04  0.00000E+00  2.27049E-04  1.80212E-05
       127  4.29680E-01  7.30345E+00  0.00000E+00 -2.69324E-04  2.70520E-04  2.71973E-04  0.00000E+00  2.24165E-04  1.89844E-05
       128  4.29680E-01  7.73313E+00  0.00000E+00 -2.68432E-04  2.70211E-04  2.71758E-04  0.00000E+00  2.21854E-04  1.99377E-05
       129  4.72648E-01  8.20578E+00  0.00000E+00 -2.68272E-04  2.69876E-04  2.71532E-04  0.00000E+00  2.19331E-04  2.09743E-05
       130  5.19913E-01  8.72569E+00  0.00000E+00 -2.68057E-04  2.69512E-04  2.71292E-04  0.00000E+00  2.16588E-04  2.21004E-05
       131  5.71904E-01  9.29760E+00  0.00000E+00 -2.68121E-04  2.69443E-04  2.71007E-04  0.00000E+00  2.15735E-04  2.33342E-05
       132  5.71904E-01  9.86950E+00  0.00000E+00 -2.67437E-04  2.69088E-04  2.70772E-04  0.00000E+00  2.12963E-04  2.45521E-05
       133  6.29094E-01  1.04986E+01  0.00000E+00 -2.67226E-04  2.68702E-04  2.70521E-04  0.00000E+00  2.10569E-04  2.58768E-05
       134  6.92004E-01  1.11906E+01  0.00000E+00 -2.66970E-04  2.68284E-04  2.70251E-04  0.00000E+00  2.09571E-04  2.73270E-05
       135  7.61204E-01  1.19518E+01  0.00000E+00 -2.66669E-04  2.67836E-04  2.69966E-04  0.00000E+00  2.07425E-04  2.89060E-05
       136  8.37325E-01  1.27891E+01  0.00000E+00 -2.66330E-04  2.67358E-04  2.69664E-04  0.00000E+00  2.06271E-04  3.06331E-05
       137  9.21057E-01  1.37102E+01  0.00000E+00 -2.65957E-04  2.66852E-04  2.69346E-04  0.00000E+00  2.04425E-04  3.25160E-05
       138  1.01316E+00  1.47233E+01  0.00000E+00 -2.65695E-04  2.66479E-04  2.68988E-04  0.00000E+00  2.05327E-04  3.45963E-05
       139  1.01316E+00  1.57365E+01  0.00000E+00 -2.65211E-04  2.66137E-04  2.68651E-04  0.00000E+00  2.06840E-04  3.66919E-05
       140  1.11448E+00  1.68510E+01  0.00000E+00 -2.64656E-04  2.65624E-04  2.68329E-04  0.00000E+00  2.07202E-04  3.90011E-05
       141  1.22593E+00  1.80769E+01  0.00000E+00 -2.64235E-04  2.65075E-04  2.68007E-04  0.00000E+00  2.07579E-04  4.15459E-05
       142  1.34852E+00  1.94254E+01  0.00000E+00 -2.64018E-04  2.64736E-04  2.67618E-04  0.00000E+00  2.06820E-04  4.43349E-05
       143  1.34852E+00  2.07740E+01  0.00000E+00 -2.63253E-04  2.64206E-04  2.67302E-04  0.00000E+00  2.06366E-04  4.71178E-05
       144  1.48337E+00  2.22573E+01  0.00000E+00 -2.63166E-04  2.63967E-04  2.66901E-04  0.00000E+00  2.07031E-04  5.01888E-05
       145  1.48337E+00  2.37407E+01  0.00000E+00 -2.62728E-04  2.63847E-04  2.66523E-04  0.00000E+00  2.09351E-04  5.32943E-05
       146  1.48337E+00  2.52241E+01  0.00000E+00 -2.61861E-04  2.63378E-04  2.66228E-04  0.00000E+00  2.09409E-04  5.64006E-05
       147  1.63171E+00  2.68558E+01  0.00000E+00 -2.61545E-04  2.62850E-04  2.65899E-04  0.00000E+00  2.07048E-04  5.97790E-05
       148  1.79488E+00  2.86507E+01  0.00000E+00 -2.61369E-04  2.62493E-04  2.65513E-04  0.00000E+00  2.08409E-04  6.35197E-05
       149  1.79488E+00  3.04455E+01  0.00000E+00 -2.60849E-04  2.62164E-04  2.65152E-04  0.00000E+00  2.05816E-04  6.72139E-05
       150  1.97437E+00  3.24199E+01  0.00000E+00 -2.60262E-04  2.61593E-04  2.64793E-04  0.00000E+00  2.05067E-04  7.12627E-05
       151  2.17180E+00  3.45917E+01  0.00000E+00 -2.59843E-04  2.60965E-04  2.64397E-04  0.00000E+00  2.04979E-04  7.57144E-05
       152  2.38898E+00  3.69807E+01  0.00000E+00 -2.59349E-04  2.60292E-04  2.63980E-04  0.00000E+00  2.04833E-04  8.06078E-05
       153  2.62788E+00  3.96086E+01  0.00000E+00 -2.58949E-04  2.59757E-04  2.63520E-04  0.00000E+00  2.04094E-04  8.59712E-05
       154  2.89067E+00  4.24992E+01  0.00000E+00 -2.58157E-04  2.59039E-04  2.63095E-04  0.00000E+00  2.04245E-04  9.18752E-05
       155  3.17974E+00  4.56790E+01  0.00000E+00 -2.57727E-04  2.58468E-04  2.62593E-04  0.00000E+00  2.05100E-04  9.83969E-05
       156  3.49771E+00  4.91767E+01  0.00000E+00 -2.57640E-04  2.58475E-04  2.61963E-04  0.00000E+00  2.04215E-04  1.05540E-04
       157  3.49771E+00  5.26744E+01  0.00000E+00 -2.56492E-04  2.58116E-04  2.61516E-04  0.00000E+00  2.03684E-04  1.12664E-04
       158  3.49771E+00  5.61721E+01  0.00000E+00 -2.55730E-04  2.57493E-04  2.61100E-04  0.00000E+00  2.03343E-04  1.19776E-04
       159  3.84748E+00  6.00196E+01  0.00000E+00 -2.55323E-04  2.56763E-04  2.60610E-04  0.00000E+00  2.01259E-04  1.27520E-04
       160  4.23223E+00  6.42518E+01  0.00000E+00 -2.55397E-04  2.56566E-04  2.59969E-04  0.00000E+00  2.02161E-04  1.36076E-04
       161  4.23223E+00  6.84841E+01  0.00000E+00 -2.54124E-04  2.55870E-04  2.59496E-04  0.00000E+00  2.04179E-04  1.44717E-04
       162  4.23223E+00  7.27163E+01  0.00000E+00 -2.53781E-04  2.55394E-04  2.58982E-04  0.00000E+00  2.03006E-04  1.53309E-04
       163  4.65546E+00  7.73718E+01  0.00000E+00 -2.53053E-04  2.54652E-04  2.58477E-04  0.00000E+00  2.03759E-04  1.62795E-04
       164  5.12100E+00  8.24928E+01  0.00000E+00 -2.52715E-04  2.54069E-04  2.57851E-04  0.00000E+00  2.04833E-04  1.73284E-04
       165  5.12100E+00  8.76138E+01  0.00000E+00 -2.51772E-04  2.53324E-04  2.57342E-04  0.00000E+00  2.04951E-04  1.83780E-04
       166  5.63310E+00  9.32469E+01  0.00000E+00 -2.51180E-04  2.52476E-04  2.56760E-04  0.00000E+00  2.07350E-04  1.95460E-04
       167  6.19641E+00  9.94433E+01  0.00000E+00 -2.50692E-04  2.51758E-04  2.56069E-04  0.00000E+00  2.06041E-04  2.08227E-04
       168  6.81605E+00  1.06259E+02  0.00000E+00 -2.50284E-04  2.51362E-04  2.55284E-04  0.00000E+00  2.05653E-04  2.22244E-04
       169  7.49766E+00  1.13757E+02  0.00000E+00 -2.48951E-04  2.50452E-04  2.54687E-04  0.00000E+00  2.06410E-04  2.37720E-04
       170  8.24742E+00  1.22004E+02  0.00000E+00 -2.48704E-04  2.49976E-04  2.53757E-04  0.00000E+00  2.06325E-04  2.54737E-04
       171  8.24742E+00  1.30252E+02  0.00000E+00 -2.47170E-04  2.49157E-04  2.53205E-04  0.00000E+00  2.04109E-04  2.71571E-04
       172  9.07216E+00  1.39324E+02  0.00000E+00 -2.46871E-04  2.48538E-04  2.52368E-04  0.00000E+00  2.02225E-04  2.89917E-04
       173  9.07216E+00  1.48396E+02  0.00000E+00 -2.45558E-04  2.47685E-04  2.51795E-04  0.00000E+00  2.02473E-04  3.08286E-04
       174  9.97938E+00  1.58376E+02  0.00000E+00 -2.44842E-04  2.46603E-04  2.51088E-04  0.00000E+00  2.02037E-04  3.28448E-04
       175  9.97938E+00  1.68355E+02  0.00000E+00 -2.43960E-04  2.45567E-04  2.50419E-04  0.00000E+00  2.01267E-04  3.48533E-04
       176  1.00000E+01  1.78355E+02  0.00000E+00 -2.43117E-04  2.44551E-04  2.49776E-04  0.00000E+00  2.00569E-04  3.68590E-04
       177  1.00000E+01  1.88355E+02  0.00000E+00 -2.42820E-04  2.44089E-04  2.48947E-04  0.00000E+00  1.99093E-04  3.88499E-04
       178  1.00000E+01  1.98355E+02  0.00000E+00 -2.41479E-04  2.43386E-04  2.48376E-04  0.00000E+00  2.00241E-04  4.08523E-04
       179  1.00000E+01  2.08355E+02  0.00000E+00 -2.40879E-04  2.42784E-04  2.47756E-04  0.00000E+00  1.99500E-04  4.28473E-04
       180  1.00000E+01  2.18355E+02  0.00000E+00 -2.39917E-04  2.41980E-04  2.47232E-04  0.00000E+00  2.00079E-04  4.48481E-04
       181  1.00000E+01  2.28355E+02  0.00000E+00 -2.39629E-04  2.41516E-04  2.46574E-04  0.00000E+00  1.98162E-04  4.68297E-04
       182  1.00000E+01  2.38355E+02  0.00000E+00 -2.39232E-04  2.41452E-04  2.45787E-04  0.00000E+00  1.98015E-04  4.88099E-04
       183  1.00000E+01  2.48355E+02  0.00000E+00 -2.37820E-04  2.40828E-04  2.45355E-04  0.00000E+00  1.96173E-04  5.07716E-04
       184  1.00000E+01  2.58355E+02  0.00000E+00 -2.37642E-04  2.40357E-04  2.44749E-04  0.00000E+00  1.97846E-04  5.27501E-04
       185  1.00000E+01  2.68355E+02  0.00000E+00 -2.37045E-04  2.39793E-04  2.44094E-04  0.00000E+00  1.97708E-04  5.47271E-04
       186  1.00000E+01  2.78355E+02  0.00000E+00 -2.36940E-04  2.39749E-04  2.43409E-04  0.00000E+00  1.97257E-04  5.66997E-04
       187  1.00000E+01  2.88355E+02  0.00000E+00 -2.35691E-04  2.39094E-04  2.42961E-04  0.00000E+00  1.97193E-04  5.86716E-04
       188  1.00000E+01  2.98355E+02  0.00000E+00 -2.35289E-04  2.38335E-04  2.42453E-04  0.00000E+00  1.95518E-04  6.06268E-04
       189  1.00000E+01  3.08355E+02  0.00000E+00 -2.34790E-04  2.37542E-04  2.41931E-04  0.00000E+00  1.96025E-04  6.25871E-04
       190  1.00000E+01  3.18355E+02  0.00000E+00 -2.34276E-04  2.36749E-04  2.41414E-04  0.00000E+00  1.94384E-04  6.45309E-04
       191  1.00000E+01  3.28355E+02  0.00000E+00 -2.33763E-04  2.35956E-04  2.40928E-04  0.00000E+00  1.94172E-04  6.64726E-04
       192  1.00000E+01  3.38355E+02  0.00000E+00 -2.33242E-04  2.35168E-04  2.40456E-04  0.00000E+00  1.94551E-04  6.84181E-04
       193  1.00000E+01  3.48355E+02  0.00000E+00 -2.32725E-04  2.34397E-04  2.39996E-04  0.00000E+00  1.94230E-04  7.03604E-04
       194  1.00000E+01  3.58355E+02  0.00000E+00 -2.32210E-04  2.33656E-04  2.39558E-04  0.00000E+00  1.92690E-04  7.22873E-04
       195  1.00000E+01  3.68355E+02  0.00000E+00 -2.31940E-04  2.33236E-04  2.39018E-04  0.00000E+00  1.92758E-04  7.42149E-04
       196  1.00000E+01  3.78355E+02  0.00000E+00 -2.31051E-04  2.32629E-04  2.38645E-04  0.00000E+00  1.90946E-04  7.61244E-04
       197  1.00000E+01  3.88355E+02  0.00000E+00 -2.30571E-04  2.31967E-04  2.38239E-04  0.00000E+00  1.91926E-04  7.80436E-04
       198  1.00000E+01  3.98355E+02  0.00000E+00 -2.30055E-04  2.31300E-04  2.37828E-04  0.00000E+00  1.90326E-04  7.99469E-04
       199  1.00000E+01  4.08355E+02  0.00000E+00 -2.29798E-04  2.30920E-04  2.37303E-04  0.00000E+00  1.90622E-04  8.18531E-04
       200  1.00000E+01  4.18355E+02  0.00000E+00 -2.28956E-04  2.30362E-04  2.36947E-04  0.00000E+00  1.90052E-04  8.37536E-04
       201  1.00000E+01  4.28355E+02  0.00000E+00 -2.28490E-04  2.29763E-04  2.36562E-04  0.00000E+00  1.91296E-04  8.56666E-04
       202  1.00000E+01  4.38355E+02  0.00000E+00 -2.28005E-04  2.29151E-04  2.36168E-04  0.00000E+00  1.91195E-04  8.75785E-04
       203  1.00000E+01  4.48355E+02  0.00000E+00 -2.28158E-04  2.29180E-04  2.35566E-04  0.00000E+00  1.89636E-04  8.94749E-04
       204  1.00000E+01  4.58355E+02  0.00000E+00 -2.26923E-04  2.28778E-04  2.35268E-04  0.00000E+00  1.90212E-04  9.13770E-04
       205  1.00000E+01  4.68355E+02  0.00000E+00 -2.27419E-04  2.29078E-04  2.34688E-04  0.00000E+00  1.87390E-04  9.32509E-04
       206  1.00000E+01  4.78355E+02  0.00000E+00 -2.26501E-04  2.29149E-04  2.34262E-04  0.00000E+00  1.89764E-04  9.51486E-04
       207  1.00000E+01  4.88355E+02  0.00000E+00 -2.25672E-04  2.28745E-04  2.33999E-04  0.00000E+00  1.88392E-04  9.70325E-04
       208  1.00000E+01  4.98355E+02  0.00000E+00 -2.25373E-04  2.28194E-04  2.33655E-04  0.00000E+00  1.88467E-04  9.89172E-04
       209  1.00000E+01  5.08355E+02  0.00000E+00 -2.25007E-04  2.27586E-04  2.33280E-04  0.00000E+00  1.87353E-04  1.00791E-03
       210  1.00000E+01  5.18355E+02  0.00000E+00 -2.24613E-04  2.26957E-04  2.32894E-04  0.00000E+00  1.88007E-04  1.02671E-03
       211  1.00000E+01  5.28355E+02  0.00000E+00 -2.24561E-04  2.26675E-04  2.32402E-04  0.00000E+00  1.86156E-04  1.04532E-03
       212  1.00000E+01  5.38355E+02  0.00000E+00 -2.23772E-04  2.26151E-04  2.32063E-04  0.00000E+00  1.86029E-04  1.06393E-03
       213  1.00000E+01  5.48355E+02  0.00000E+00 -2.23429E-04  2.25569E-04  2.31706E-04  0.00000E+00  1.85888E-04  1.08251E-03
       214  1.00000E+01  5.58355E+02  0.00000E+00 -2.23057E-04  2.24963E-04  2.31343E-04  0.00000E+00  1.85907E-04  1.10111E-03
       215  1.00000E+01  5.68355E+02  0.00000E+00 -2.22663E-04  2.24355E-04  2.30986E-04  0.00000E+00  1.86316E-04  1.11974E-03
       216  1.00000E+01  5.78355E+02  0.00000E+00 -2.23734E-04  2.25225E-04  2.30123E-04  0.00000E+00  1.85889E-04  1.13833E-03
       217  1.00000E+01  5.88355E+02  0.00000E+00 -2.21740E-04  2.24967E-04  2.29972E-04  0.00000E+00  1.85192E-04  1.15685E-03
       218  1.00000E+01  5.98355E+02  0.00000E+00 -2.21629E-04  2.24499E-04  2.29697E-04  0.00000E+00  1.84801E-04  1.17533E-03
       219  1.00000E+01  6.08355E+02  0.00000E+00 -2.21722E-04  2.24277E-04  2.29277E-04  0.00000E+00  1.84100E-04  1.19374E-03
       220  1.00000E+01  6.18355E+02  0.00000E+00 -2.21163E-04  2.23704E-04  2.28921E-04  0.00000E+00  1.83773E-04  1.21211E-03
       221  1.00000E+01  6.28355E+02  0.00000E+00 -2.20895E-04  2.23111E-04  2.28555E-04  0.00000E+00  1.83156E-04  1.23043E-03
       222  1.00000E+01  6.38355E+02  0.00000E+00 -2.20585E-04  2.22515E-04  2.28186E-04  0.00000E+00  1.83670E-04  1.24880E-03
       223  1.00000E+01  6.48355E+02  0.00000E+00 -2.20260E-04  2.21926E-04  2.27821E-04  0.00000E+00  1.83118E-04  1.26711E-03
       224  1.00000E+01  6.58355E+02  0.00000E+00 -2.19893E-04  2.21353E-04  2.27467E-04  0.00000E+00  1.82929E-04  1.28540E-03
       225  1.00000E+01  6.68355E+02  0.00000E+00 -2.20352E-04  2.21627E-04  2.26966E-04  0.00000E+00  1.83056E-04  1.30371E-03
       226  1.00000E+01  6.78355E+02  0.00000E+00 -2.19422E-04  2.21546E-04  2.26557E-04  0.00000E+00  1.82160E-04  1.32192E-03
       227  1.00000E+01  6.88355E+02  0.00000E+00 -2.19165E-04  2.21497E-04  2.26179E-04  0.00000E+00  1.82190E-04  1.34014E-03
       228  1.00000E+01  6.98355E+02  0.00000E+00 -2.18511E-04  2.21113E-04  2.25947E-04  0.00000E+00  1.81775E-04  1.35832E-03
       229  1.00000E+01  7.08355E+02  0.00000E+00 -2.18252E-04  2.20630E-04  2.25657E-04  0.00000E+00  1.82340E-04  1.37655E-03
       230  1.00000E+01  7.18355E+02  0.00000E+00 -2.17944E-04  2.20108E-04  2.25343E-04  0.00000E+00  1.81556E-04  1.39471E-03
       231  1.00000E+01  7.28355E+02  0.00000E+00 -2.17612E-04  2.19583E-04  2.25027E-04  0.00000E+00  1.80280E-04  1.41274E-03
       232  1.00000E+01  7.38355E+02  0.00000E+00 -2.17646E-04  2.19458E-04  2.24581E-04  0.00000E+00  1.79580E-04  1.43069E-03
       233  1.00000E+01  7.48355E+02  0.00000E+00 -2.16841E-04  2.19057E-04  2.24338E-04  0.00000E+00  1.80926E-04  1.44879E-03
       234  1.00000E+01  7.58355E+02  0.00000E+00 -2.16564E-04  2.18591E-04  2.24056E-04  0.00000E+00  1.80551E-04  1.46684E-03
       235  1.00000E+01  7.68355E+02  0.00000E+00 -2.16251E-04  2.18098E-04  2.23765E-04  0.00000E+00  1.79344E-04  1.48478E-03
       236  1.00000E+01  7.78355E+02  0.00000E+00 -2.15923E-04  2.17597E-04  2.23471E-04  0.00000E+00  1.79379E-04  1.50271E-03
       237  1.00000E+01  7.88355E+02  0.00000E+00 -2.15591E-04  2.17097E-04  2.23177E-04  0.00000E+00  1.80133E-04  1.52073E-03
       238  1.00000E+01  7.98355E+02  0.00000E+00 -2.15265E-04  2.16609E-04  2.22888E-04  0.00000E+00  1.79235E-04  1.53865E-03
       239  1.00000E+01  8.08355E+02  0.00000E+00 -2.15290E-04  2.16476E-04  2.22477E-04  0.00000E+00  1.79744E-04  1.55662E-03
       240  1.00000E+01  8.18355E+02  0.00000E+00 -2.14588E-04  2.16087E-04  2.22241E-04  0.00000E+00  1.79142E-04  1.57454E-03
       241  1.00000E+01  8.28355E+02  0.00000E+00 -2.14332E-04  2.15638E-04  2.21969E-04  0.00000E+00  1.79070E-04  1.59245E-03
       242  1.00000E+01  8.38355E+02  0.00000E+00 -2.14025E-04  2.15172E-04  2.21686E-04  0.00000E+00  1.78348E-04  1.61028E-03
       243  1.00000E+01  8.48355E+02  0.00000E+00 -2.13685E-04  2.14709E-04  2.21402E-04  0.00000E+00  1.77912E-04  1.62807E-03
       244  1.00000E+01  8.58355E+02  0.00000E+00 -2.13313E-04  2.14256E-04  2.21122E-04  0.00000E+00  1.77801E-04  1.64585E-03
       245  1.00000E+01  8.68355E+02  0.00000E+00 -2.12946E-04  2.13813E-04  2.20847E-04  0.00000E+00  1.77515E-04  1.66360E-03
       246  1.00000E+01  8.78355E+02  0.00000E+00 -2.12585E-04  2.13377E-04  2.20580E-04  0.00000E+00  1.76661E-04  1.68127E-03
       247  1.00000E+01  8.88355E+02  0.00000E+00 -2.12226E-04  2.12947E-04  2.20315E-04  0.00000E+00  1.76158E-04  1.69889E-03
       248  1.00000E+01  8.98355E+02  0.00000E+00 -2.12345E-04  2.12995E-04  2.19906E-04  0.00000E+00  1.77842E-04  1.71667E-03
       249  1.00000E+01  9.08355E+02  0.00000E+00 -2.11462E-04  2.12691E-04  2.19719E-04  0.00000E+00  1.76821E-04  1.73435E-03
       250  1.00000E+01  9.18355E+02  0.00000E+00 -2.11197E-04  2.12314E-04  2.19489E-04  0.00000E+00  1.76277E-04  1.75198E-03
       251  1.00000E+01  9.28355E+02  0.00000E+00 -2.10874E-04  2.11909E-04  2.19241E-04  0.00000E+00  1.76265E-04  1.76961E-03
       252  1.00000E+01  9.38355E+02  0.00000E+00 -2.11450E-04  2.12406E-04  2.18772E-04  0.00000E+00  1.75384E-04  1.78714E-03
       253  1.00000E+01  9.48355E+02  0.00000E+00 -2.10096E-04  2.12222E-04  2.18605E-04  0.00000E+00  1.75574E-04  1.80470E-03
       254  1.00000E+01  9.58355E+02  0.00000E+00 -2.10277E-04  2.12232E-04  2.18264E-04  0.00000E+00  1.74726E-04  1.82217E-03
       255  1.00000E+01  9.68355E+02  0.00000E+00 -2.09633E-04  2.11931E-04  2.18086E-04  0.00000E+00  1.74849E-04  1.83966E-03
       256  1.00000E+01  9.78355E+02  0.00000E+00 -2.10008E-04  2.12137E-04  2.17676E-04  0.00000E+00  1.75410E-04  1.85720E-03
       257  1.00000E+01  9.88355E+02  0.00000E+00 -2.09084E-04  2.11844E-04  2.17506E-04  0.00000E+00  1.75052E-04  1.87471E-03
       258  1.00000E+01  9.98355E+02  0.00000E+00 -2.08902E-04  2.11463E-04  2.17282E-04  0.00000E+00  1.75061E-04  1.89221E-03
       259  1.00000E+01  1.00835E+03  0.00000E+00 -2.09134E-04  2.11506E-04  2.16913E-04  0.00000E+00  1.73614E-04  1.90957E-03
       260  1.00000E+01  1.01835E+03  0.00000E+00 -2.08427E-04  2.11151E-04  2.16694E-04  0.00000E+00  1.73626E-04  1.92694E-03
       261  1.00000E+01  1.02835E+03  0.00000E+00 -2.08658E-04  2.11123E-04  2.16298E-04  0.00000E+00  1.73603E-04  1.94430E-03
       262  1.00000E+01  1.03835E+03  0.00000E+00 -2.08330E-04  2.11069E-04  2.15992E-04  0.00000E+00  1.73786E-04  1.96167E-03
       263  1.00000E+01  1.04835E+03  0.00000E+00 -2.07916E-04  2.10664E-04  2.15736E-04  0.00000E+00  1.73382E-04  1.97901E-03
       264  1.00000E+01  1.05835E+03  0.00000E+00 -2.07786E-04  2.10211E-04  2.15445E-04  0.00000E+00  1.72238E-04  1.99624E-03
       265  1.00000E+01  1.06835E+03  0.00000E+00 -2.08348E-04  2.10478E-04  2.14875E-04  0.00000E+00  1.70519E-04  2.01329E-03
       266  1.00000E+01  1.07835E+03  0.00000E+00 -2.07313E-04  2.10210E-04  2.14692E-04  0.00000E+00  1.69902E-04  2.03028E-03
       267  1.00000E+01  1.08835E+03  0.00000E+00 -2.07252E-04  2.09797E-04  2.14433E-04  0.00000E+00  1.70872E-04  2.04737E-03
       268  1.00000E+01  1.09835E+03  0.00000E+00 -2.07103E-04  2.09319E-04  2.14134E-04  0.00000E+00  1.71444E-04  2.06451E-03
       269  1.00000E+01  1.10835E+03  0.00000E+00 -2.06923E-04  2.08827E-04  2.13827E-04  0.00000E+00  1.70906E-04  2.08160E-03
       270  1.00000E+01  1.11835E+03  0.00000E+00 -2.06728E-04  2.08333E-04  2.13519E-04  0.00000E+00  1.70341E-04  2.09863E-03
       271  1.00000E+01  1.12835E+03  0.00000E+00 -2.06504E-04  2.07848E-04  2.13226E-04  0.00000E+00  1.69597E-04  2.11559E-03
       272  1.00000E+01  1.13835E+03  0.00000E+00 -2.06198E-04  2.07393E-04  2.12954E-04  0.00000E+00  1.69698E-04  2.13256E-03
       273  1.00000E+01  1.14835E+03  0.00000E+00 -2.06732E-04  2.07796E-04  2.12527E-04  0.00000E+00  1.69170E-04  2.14948E-03
       274  1.00000E+01  1.15835E+03  0.00000E+00 -2.05559E-04  2.07515E-04  2.12313E-04  0.00000E+00  1.68507E-04  2.16633E-03
       275  1.00000E+01  1.16835E+03  0.00000E+00 -2.05407E-04  2.07155E-04  2.12082E-04  0.00000E+00  1.68349E-04  2.18317E-03
       276  1.00000E+01  1.17835E+03  0.00000E+00 -2.05204E-04  2.06754E-04  2.11841E-04  0.00000E+00  1.68163E-04  2.19998E-03
       277  1.00000E+01  1.18835E+03  0.00000E+00 -2.04978E-04  2.06340E-04  2.11598E-04  0.00000E+00  1.67651E-04  2.21675E-03
       278  1.00000E+01  1.19835E+03  0.00000E+00 -2.04742E-04  2.05923E-04  2.11353E-04  0.00000E+00  1.68721E-04  2.23362E-03
       279  1.00000E+01  1.20835E+03  0.00000E+00 -2.04495E-04  2.05509E-04  2.11113E-04  0.00000E+00  1.67797E-04  2.25040E-03
       280  1.00000E+01  1.21835E+03  0.00000E+00 -2.04235E-04  2.05103E-04  2.10878E-04  0.00000E+00  1.68714E-04  2.26727E-03
       281  1.00000E+01  1.22835E+03  0.00000E+00 -2.03977E-04  2.04705E-04  2.10659E-04  0.00000E+00  1.68783E-04  2.28415E-03
       282  1.00000E+01  1.23835E+03  0.00000E+00 -2.03708E-04  2.04314E-04  2.10444E-04  0.00000E+00  1.68268E-04  2.30098E-03
       283  1.00000E+01  1.24835E+03  0.00000E+00 -2.03413E-04  2.03938E-04  2.10234E-04  0.00000E+00  1.68456E-04  2.31782E-03
       284  1.00000E+01  1.25835E+03  0.00000E+00 -2.03121E-04  2.03575E-04  2.10028E-04  0.00000E+00  1.67659E-04  2.33459E-03
       285  1.00000E+01  1.26835E+03  0.00000E+00 -2.02838E-04  2.03223E-04  2.09829E-04  0.00000E+00  1.66992E-04  2.35129E-03
       286  1.00000E+01  1.27835E+03  0.00000E+00 -2.02558E-04  2.02877E-04  2.09632E-04  0.00000E+00  1.66366E-04  2.36792E-03
       287  1.00000E+01  1.28835E+03  0.00000E+00 -2.02287E-04  2.02541E-04  2.09439E-04  0.00000E+00  1.65408E-04  2.38446E-03
       288  1.00000E+01  1.29835E+03  0.00000E+00 -2.02488E-04  2.02679E-04  2.09100E-04  0.00000E+00  1.65153E-04  2.40098E-03
       289  1.00000E+01  1.30835E+03  0.00000E+00 -2.01700E-04  2.02460E-04  2.08971E-04  0.00000E+00  1.65518E-04  2.41753E-03
       290  1.00000E+01  1.31835E+03  0.00000E+00 -2.01888E-04  2.02560E-04  2.08668E-04  0.00000E+00  1.65841E-04  2.43412E-03
       291  1.00000E+01  1.32835E+03  0.00000E+00 -2.01571E-04  2.02716E-04  2.08401E-04  0.00000E+00  1.64993E-04  2.45061E-03
       292  1.00000E+01  1.33835E+03  0.00000E+00 -2.00983E-04  2.02523E-04  2.08282E-04  0.00000E+00  1.64408E-04  2.46706E-03
       293  1.00000E+01  1.34835E+03  0.00000E+00 -2.00813E-04  2.02223E-04  2.08098E-04  0.00000E+00  1.64441E-04  2.48350E-03
       294  1.00000E+01  1.35835E+03  0.00000E+00 -2.00587E-04  2.01885E-04  2.07892E-04  0.00000E+00  1.63788E-04  2.49988E-03
       295  1.00000E+01  1.36835E+03  0.00000E+00 -2.00343E-04  2.01535E-04  2.07680E-04  0.00000E+00  1.63443E-04  2.51622E-03
       296  1.00000E+01  1.37835E+03  0.00000E+00 -2.00092E-04  2.01183E-04  2.07465E-04  0.00000E+00  1.63944E-04  2.53262E-03
       297  1.00000E+01  1.38835E+03  0.00000E+00 -2.00201E-04  2.01196E-04  2.07116E-04  0.00000E+00  1.63940E-04  2.54901E-03
       298  1.00000E+01  1.39835E+03  0.00000E+00 -1.99552E-04  2.00940E-04  2.06957E-04  0.00000E+00  1.63717E-04  2.56538E-03
       299  1.00000E+01  1.40835E+03  0.00000E+00 -1.99366E-04  2.00624E-04  2.06759E-04  0.00000E+00  1.63378E-04  2.58172E-03
       300  1.00000E+01  1.41835E+03  0.00000E+00 -1.99143E-04  2.00279E-04  2.06543E-04  0.00000E+00  1.63425E-04  2.59806E-03
       301  1.00000E+01  1.42835E+03  0.00000E+00 -1.98912E-04  1.99930E-04  2.06325E-04  0.00000E+00  1.62747E-04  2.61434E-03
       302  1.00000E+01  1.43835E+03  0.00000E+00 -1.98676E-04  1.99582E-04  2.06107E-04  0.00000E+00  1.62455E-04  2.63058E-03
       303  1.00000E+01  1.44835E+03  0.00000E+00 -1.98438E-04  1.99235E-04  2.05889E-04  0.00000E+00  1.62063E-04  2.64679E-03
       304  1.00000E+01  1.45835E+03  0.00000E+00 -1.98198E-04  1.98890E-04  2.05679E-04  0.00000E+00  1.62121E-04  2.66300E-03
       305  1.00000E+01  1.46835E+03  0.00000E+00 -1.97956E-04  1.98548E-04  2.05473E-04  0.00000E+00  1.62365E-04  2.67924E-03
       306  1.00000E+01  1.47835E+03  0.00000E+00 -1.97714E-04  1.98208E-04  2.05268E-04  0.00000E+00  1.61839E-04  2.69542E-03
       307  1.00000E+01  1.48835E+03  0.00000E+00 -1.97471E-04  1.97871E-04  2.05065E-04  0.00000E+00  1.61872E-04  2.71161E-03
       308  1.00000E+01  1.49835E+03  0.00000E+00 -1.97227E-04  1.97535E-04  2.04861E-04  0.00000E+00  1.62032E-04  2.72781E-03
       309  1.00000E+01  1.50835E+03  0.00000E+00 -1.96984E-04  1.97203E-04  2.04661E-04  0.00000E+00  1.62011E-04  2.74401E-03
       310  1.00000E+01  1.51835E+03  0.00000E+00 -1.96734E-04  1.96872E-04  2.04461E-04  0.00000E+00  1.62288E-04  2.76024E-03
       311  1.00000E+01  1.52835E+03  0.00000E+00 -1.96463E-04  1.96557E-04  2.04269E-04  0.00000E+00  1.61816E-04  2.77642E-03
       312  1.00000E+01  1.53835E+03  0.00000E+00 -1.96663E-04  1.96732E-04  2.03885E-04  0.00000E+00  1.61103E-04  2.79253E-03
       313  1.00000E+01  1.54835E+03  0.00000E+00 -1.95843E-04  1.96563E-04  2.03777E-04  0.00000E+00  1.60372E-04  2.80857E-03
       314  1.00000E+01  1.55835E+03  0.00000E+00 -1.96073E-04  1.96728E-04  2.03517E-04  0.00000E+00  1.60484E-04  2.82462E-03
       315  1.00000E+01  1.56835E+03  0.00000E+00 -1.95447E-04  1.96524E-04  2.03378E-04  0.00000E+00  1.60135E-04  2.84063E-03
       316  1.00000E+01  1.57835E+03  0.00000E+00 -1.95282E-04  1.96249E-04  2.03196E-04  0.00000E+00  1.60122E-04  2.85665E-03
       317  1.00000E+01  1.58835E+03  0.00000E+00 -1.95081E-04  1.95949E-04  2.03004E-04  0.00000E+00  1.59294E-04  2.87258E-03
       318  1.00000E+01  1.59835E+03  0.00000E+00 -1.95145E-04  1.95920E-04  2.02753E-04  0.00000E+00  1.58664E-04  2.88844E-03
       319  1.00000E+01  1.60835E+03  0.00000E+00 -1.95711E-04  1.96631E-04  2.02260E-04  0.00000E+00  1.57801E-04  2.90422E-03
       320  1.00000E+01  1.61835E+03  0.00000E+00 -1.94432E-04  1.96564E-04  2.02212E-04  0.00000E+00  1.57442E-04  2.91997E-03
       321  1.00000E+01  1.62835E+03  0.00000E+00 -1.94398E-04  1.96344E-04  2.02068E-04  0.00000E+00  1.57866E-04  2.93575E-03
       322  1.00000E+01  1.63835E+03  0.00000E+00 -1.94271E-04  1.96050E-04  2.01879E-04  0.00000E+00  1.57392E-04  2.95149E-03
       323  1.00000E+01  1.64835E+03  0.00000E+00 -1.94482E-04  1.96111E-04  2.01540E-04  0.00000E+00  1.58393E-04  2.96733E-03
       324  1.00000E+01  1.65835E+03  0.00000E+00 -1.93855E-04  1.95895E-04  2.01397E-04  0.00000E+00  1.58156E-04  2.98315E-03
       325  1.00000E+01  1.66835E+03  0.00000E+00 -1.93739E-04  1.95606E-04  2.01212E-04  0.00000E+00  1.57397E-04  2.99889E-03
       326  1.00000E+01  1.67835E+03  0.00000E+00 -1.93578E-04  1.95285E-04  2.01008E-04  0.00000E+00  1.56593E-04  3.01455E-03
       327  1.00000E+01  1.68835E+03  0.00000E+00 -1.93398E-04  1.94953E-04  2.00805E-04  0.00000E+00  1.56572E-04  3.03020E-03
       328  1.00000E+01  1.69835E+03  0.00000E+00 -1.93657E-04  1.95068E-04  2.00466E-04  0.00000E+00  1.56425E-04  3.04585E-03
       329  1.00000E+01  1.70835E+03  0.00000E+00 -1.92944E-04  1.94853E-04  2.00339E-04  0.00000E+00  1.55863E-04  3.06143E-03
       330  1.00000E+01  1.71835E+03  0.00000E+00 -1.92810E-04  1.94568E-04  2.00170E-04  0.00000E+00  1.56412E-04  3.07707E-03
       331  1.00000E+01  1.72835E+03  0.00000E+00 -1.92637E-04  1.94252E-04  1.99983E-04  0.00000E+00  1.55787E-04  3.09265E-03
       332  1.00000E+01  1.73835E+03  0.00000E+00 -1.92446E-04  1.93924E-04  1.99789E-04  0.00000E+00  1.56921E-04  3.10834E-03
       333  1.00000E+01  1.74835E+03  0.00000E+00 -1.92251E-04  1.93597E-04  1.99595E-04  0.00000E+00  1.56553E-04  3.12400E-03
       334  1.00000E+01  1.75835E+03  0.00000E+00 -1.92846E-04  1.94065E-04  1.99209E-04  0.00000E+00  1.55806E-04  3.13958E-03
       335  1.00000E+01  1.76835E+03  0.00000E+00 -1.91778E-04  1.93884E-04  1.99096E-04  0.00000E+00  1.55217E-04  3.15510E-03
       336  1.00000E+01  1.77835E+03  0.00000E+00 -1.92067E-04  1.93980E-04  1.98796E-04  0.00000E+00  1.55069E-04  3.17061E-03
       337  1.00000E+01  1.78835E+03  0.00000E+00 -1.91511E-04  1.93771E-04  1.98663E-04  0.00000E+00  1.55294E-04  3.18614E-03
       338  1.00000E+01  1.79835E+03  0.00000E+00 -1.91412E-04  1.93480E-04  1.98478E-04  0.00000E+00  1.55556E-04  3.20169E-03
       339  1.00000E+01  1.80835E+03  0.00000E+00 -1.91269E-04  1.93156E-04  1.98272E-04  0.00000E+00  1.55361E-04  3.21723E-03
       340  1.00000E+01  1.81835E+03  0.00000E+00 -1.91108E-04  1.92820E-04  1.98060E-04  0.00000E+00  1.54971E-04  3.23273E-03
       341  1.00000E+01  1.82835E+03  0.00000E+00 -1.91321E-04  1.92881E-04  1.97704E-04  0.00000E+00  1.54643E-04  3.24819E-03
       342  1.00000E+01  1.83835E+03  0.00000E+00 -1.90677E-04  1.92666E-04  1.97577E-04  0.00000E+00  1.54688E-04  3.26366E-03
       343  1.00000E+01  1.84835E+03  0.00000E+00 -1.90571E-04  1.92380E-04  1.97405E-04  0.00000E+00  1.54166E-04  3.27908E-03
       344  1.00000E+01  1.85835E+03  0.00000E+00 -1.90422E-04  1.92062E-04  1.97212E-04  0.00000E+00  1.53812E-04  3.29446E-03
       345  1.00000E+01  1.86835E+03  0.00000E+00 -1.90256E-04  1.91734E-04  1.97013E-04  0.00000E+00  1.53673E-04  3.30982E-03
       346  1.00000E+01  1.87835E+03  0.00000E+00 -1.90072E-04  1.91411E-04  1.96817E-04  0.00000E+00  1.53085E-04  3.32513E-03
       347  1.00000E+01  1.88835E+03  0.00000E+00 -1.89885E-04  1.91090E-04  1.96622E-04  0.00000E+00  1.53014E-04  3.34043E-03
       348  1.00000E+01  1.89835E+03  0.00000E+00 -1.89698E-04  1.90773E-04  1.96428E-04  0.00000E+00  1.53136E-04  3.35575E-03
       349  1.00000E+01  1.90835E+03  0.00000E+00 -1.90245E-04  1.91194E-04  1.96019E-04  0.00000E+00  1.52889E-04  3.37104E-03
       350  1.00000E+01  1.91835E+03  0.00000E+00 -1.89193E-04  1.91052E-04  1.95931E-04  0.00000E+00  1.52412E-04  3.38628E-03
       351  1.00000E+01  1.92835E+03  0.00000E+00 -1.89117E-04  1.90819E-04  1.95785E-04  0.00000E+00  1.51991E-04  3.40148E-03
       352  1.00000E+01  1.93835E+03  0.00000E+00 -1.88984E-04  1.90538E-04  1.95607E-04  0.00000E+00  1.51314E-04  3.41661E-03
       353  1.00000E+01  1.94835E+03  0.00000E+00 -1.88826E-04  1.90239E-04  1.95418E-04  0.00000E+00  1.51020E-04  3.43171E-03
       354  1.00000E+01  1.95835E+03  0.00000E+00 -1.88649E-04  1.89937E-04  1.95227E-04  0.00000E+00  1.51049E-04  3.44682E-03
       355  1.00000E+01  1.96835E+03  0.00000E+00 -1.88462E-04  1.89638E-04  1.95039E-04  0.00000E+00  1.50728E-04  3.46189E-03
       356  1.00000E+01  1.97835E+03  0.00000E+00 -1.88266E-04  1.89344E-04  1.94853E-04  0.00000E+00  1.50353E-04  3.47692E-03
       357  1.00000E+01  1.98835E+03  0.00000E+00 -1.88070E-04  1.89054E-04  1.94676E-04  0.00000E+00  1.50618E-04  3.49199E-03
       358  1.00000E+01  1.99835E+03  0.00000E+00 -1.87866E-04  1.88768E-04  1.94503E-04  0.00000E+00  1.50047E-04  3.50699E-03
       359  1.00000E+01  2.00835E+03  0.00000E+00 -1.87633E-04  1.88492E-04  1.94335E-04  0.00000E+00  1.49636E-04  3.52195E-03
       360  1.00000E+01  2.01835E+03  0.00000E+00 -1.87406E-04  1.88223E-04  1.94173E-04  0.00000E+00  1.49467E-04  3.53690E-03
       361  1.00000E+01  2.02835E+03  0.00000E+00 -1.87558E-04  1.88335E-04  1.93883E-04  0.00000E+00  1.48967E-04  3.55180E-03
       362  1.00000E+01  2.03835E+03  0.00000E+00 -1.86893E-04  1.88183E-04  1.93791E-04  0.00000E+00  1.49714E-04  3.56677E-03
       363  1.00000E+01  2.04835E+03  0.00000E+00 -1.86749E-04  1.87962E-04  1.93656E-04  0.00000E+00  1.49060E-04  3.58167E-03
       364  1.00000E+01  2.05835E+03  0.00000E+00 -1.86556E-04  1.87712E-04  1.93503E-04  0.00000E+00  1.48511E-04  3.59653E-03
       365  1.00000E+01  2.06835E+03  0.00000E+00 -1.86348E-04  1.87453E-04  1.93345E-04  0.00000E+00  1.49792E-04  3.61150E-03
       366  1.00000E+01  2.07835E+03  0.00000E+00 -1.86139E-04  1.87194E-04  1.93186E-04  0.00000E+00  1.49130E-04  3.62642E-03
       367  1.00000E+01  2.08835E+03  0.00000E+00 -1.85929E-04  1.86938E-04  1.93028E-04  0.00000E+00  1.48969E-04  3.64131E-03
       368  1.00000E+01  2.09835E+03  0.00000E+00 -1.85719E-04  1.86684E-04  1.92871E-04  0.00000E+00  1.48326E-04  3.65615E-03
       369  1.00000E+01  2.10835E+03  0.00000E+00 -1.85509E-04  1.86430E-04  1.92715E-04  0.00000E+00  1.48518E-04  3.67100E-03
       370  1.00000E+01  2.11835E+03  0.00000E+00 -1.85730E-04  1.86610E-04  1.92401E-04  0.00000E+00  1.48310E-04  3.68583E-03
       371  1.00000E+01  2.12835E+03  0.00000E+00 -1.85033E-04  1.86470E-04  1.92313E-04  0.00000E+00  1.47846E-04  3.70061E-03
       372  1.00000E+01  2.13835E+03  0.00000E+00 -1.84901E-04  1.86260E-04  1.92181E-04  0.00000E+00  1.48115E-04  3.71543E-03
       373  1.00000E+01  2.14835E+03  0.00000E+00 -1.84729E-04  1.86017E-04  1.92026E-04  0.00000E+00  1.48385E-04  3.73026E-03
       374  1.00000E+01  2.15835E+03  0.00000E+00 -1.84543E-04  1.85762E-04  1.91864E-04  0.00000E+00  1.48205E-04  3.74509E-03
       375  1.00000E+01  2.16835E+03  0.00000E+00 -1.84352E-04  1.85506E-04  1.91701E-04  0.00000E+00  1.47695E-04  3.75985E-03
       376  1.00000E+01  2.17835E+03  0.00000E+00 -1.84160E-04  1.85250E-04  1.91543E-04  0.00000E+00  1.47413E-04  3.77460E-03
       377  1.00000E+01  2.18835E+03  0.00000E+00 -1.83967E-04  1.84996E-04  1.91386E-04  0.00000E+00  1.47072E-04  3.78930E-03
       378  1.00000E+01  2.19835E+03  0.00000E+00 -1.83772E-04  1.84743E-04  1.91229E-04  0.00000E+00  1.47595E-04  3.80406E-03
       379  1.00000E+01  2.20835E+03  0.00000E+00 -1.83577E-04  1.84491E-04  1.91074E-04  0.00000E+00  1.48133E-04  3.81888E-03
       380  1.00000E+01  2.21835E+03  0.00000E+00 -1.83923E-04  1.84782E-04  1.90750E-04  0.00000E+00  1.47878E-04  3.83366E-03
       381  1.00000E+01  2.22835E+03  0.00000E+00 -1.83118E-04  1.84657E-04  1.90670E-04  0.00000E+00  1.48206E-04  3.84848E-03
       382  1.00000E+01  2.23835E+03  0.00000E+00 -1.83009E-04  1.84457E-04  1.90546E-04  0.00000E+00  1.47597E-04  3.86324E-03
       383  1.00000E+01  2.24835E+03  0.00000E+00 -1.82855E-04  1.84218E-04  1.90399E-04  0.00000E+00  1.47078E-04  3.87795E-03
       384  1.00000E+01  2.25835E+03  0.00000E+00 -1.82684E-04  1.83966E-04  1.90244E-04  0.00000E+00  1.46999E-04  3.89265E-03
       385  1.00000E+01  2.26835E+03  0.00000E+00 -1.82507E-04  1.83710E-04  1.90087E-04  0.00000E+00  1.47073E-04  3.90736E-03
       386  1.00000E+01  2.27835E+03  0.00000E+00 -1.83045E-04  1.84175E-04  1.89692E-04  0.00000E+00  1.46031E-04  3.92196E-03
       387  1.00000E+01  2.28835E+03  0.00000E+00 -1.82054E-04  1.84113E-04  1.89646E-04  0.00000E+00  1.46638E-04  3.93663E-03
       388  1.00000E+01  2.29835E+03  0.00000E+00 -1.82010E-04  1.83921E-04  1.89520E-04  0.00000E+00  1.46258E-04  3.95125E-03
       389  1.00000E+01  2.30835E+03  0.00000E+00 -1.81896E-04  1.83671E-04  1.89358E-04  0.00000E+00  1.45640E-04  3.96582E-03
       390  1.00000E+01  2.31835E+03  0.00000E+00 -1.81989E-04  1.83633E-04  1.89119E-04  0.00000E+00  1.45026E-04  3.98032E-03
       391  1.00000E+01  2.32835E+03  0.00000E+00 -1.81629E-04  1.83388E-04  1.88958E-04  0.00000E+00  1.44450E-04  3.99476E-03
       392  1.00000E+01  2.33835E+03  0.00000E+00 -1.81522E-04  1.83127E-04  1.88783E-04  0.00000E+00  1.43910E-04  4.00915E-03
       393  1.00000E+01  2.34835E+03  0.00000E+00 -1.81391E-04  1.82860E-04  1.88603E-04  0.00000E+00  1.43391E-04  4.02349E-03
       394  1.00000E+01  2.35835E+03  0.00000E+00 -1.81247E-04  1.82592E-04  1.88421E-04  0.00000E+00  1.43546E-04  4.03785E-03
       395  1.00000E+01  2.36835E+03  0.00000E+00 -1.81093E-04  1.82324E-04  1.88239E-04  0.00000E+00  1.43362E-04  4.05218E-03
       396  1.00000E+01  2.37835E+03  0.00000E+00 -1.81401E-04  1.82526E-04  1.87833E-04  0.00000E+00  1.43719E-04  4.06656E-03
       397  1.00000E+01  2.38835E+03  0.00000E+00 -1.80709E-04  1.82382E-04  1.87757E-04  0.00000E+00  1.44398E-04  4.08100E-03
       398  1.00000E+01  2.39835E+03  0.00000E+00 -1.80621E-04  1.82167E-04  1.87616E-04  0.00000E+00  1.44166E-04  4.09541E-03
       399  1.00000E+01  2.40835E+03  0.00000E+00 -1.80481E-04  1.81920E-04  1.87445E-04  0.00000E+00  1.43539E-04  4.10977E-03
       400  1.00000E+01  2.41835E+03  0.00000E+00 -1.80324E-04  1.81665E-04  1.87266E-04  0.00000E+00  1.42961E-04  4.12406E-03
       401  1.00000E+01  2.42835E+03  0.00000E+00 -1.80161E-04  1.81408E-04  1.87085E-04  0.00000E+00  1.42911E-04  4.13835E-03
       402  1.00000E+01  2.43835E+03  0.00000E+00 -1.79995E-04  1.81153E-04  1.86905E-04  0.00000E+00  1.43360E-04  4.15269E-03
       403  1.00000E+01  2.44835E+03  0.00000E+00 -1.79827E-04  1.80899E-04  1.86727E-04  0.00000E+00  1.43485E-04  4.16704E-03
       404  1.00000E+01  2.45835E+03  0.00000E+00 -1.79658E-04  1.80648E-04  1.86551E-04  0.00000E+00  1.42970E-04  4.18133E-03
       405  1.00000E+01  2.46835E+03  0.00000E+00 -1.79488E-04  1.80399E-04  1.86376E-04  0.00000E+00  1.42388E-04  4.19557E-03
       406  1.00000E+01  2.47835E+03  0.00000E+00 -1.79313E-04  1.80153E-04  1.86203E-04  0.00000E+00  1.41984E-04  4.20977E-03
       407  1.00000E+01  2.48835E+03  0.00000E+00 -1.79130E-04  1.79910E-04  1.86036E-04  0.00000E+00  1.41942E-04  4.22397E-03
       408  1.00000E+01  2.49835E+03  0.00000E+00 -1.79325E-04  1.80046E-04  1.85736E-04  0.00000E+00  1.41228E-04  4.23809E-03
       409  1.00000E+01  2.50835E+03  0.00000E+00 -1.78720E-04  1.79907E-04  1.85640E-04  0.00000E+00  1.41323E-04  4.25222E-03
       410  1.00000E+01  2.51835E+03  0.00000E+00 -1.78608E-04  1.79705E-04  1.85503E-04  0.00000E+00  1.41431E-04  4.26636E-03
       411  1.00000E+01  2.52835E+03  0.00000E+00 -1.78459E-04  1.79471E-04  1.85351E-04  0.00000E+00  1.41757E-04  4.28054E-03
       412  1.00000E+01  2.53835E+03  0.00000E+00 -1.78299E-04  1.79229E-04  1.85196E-04  0.00000E+00  1.41358E-04  4.29468E-03
       413  1.00000E+01  2.54835E+03  0.00000E+00 -1.78556E-04  1.79406E-04  1.84891E-04  0.00000E+00  1.41486E-04  4.30882E-03
       414  1.00000E+01  2.55835E+03  0.00000E+00 -1.77902E-04  1.79275E-04  1.84805E-04  0.00000E+00  1.41683E-04  4.32299E-03
       415  1.00000E+01  2.56835E+03  0.00000E+00 -1.78222E-04  1.79489E-04  1.84519E-04  0.00000E+00  1.41085E-04  4.33710E-03
       416  1.00000E+01  2.57835E+03  0.00000E+00 -1.77597E-04  1.79368E-04  1.84438E-04  0.00000E+00  1.40915E-04  4.35119E-03
       417  1.00000E+01  2.58835E+03  0.00000E+00 -1.78268E-04  1.79912E-04  1.84116E-04  0.00000E+00  1.40710E-04  4.36526E-03
       418  1.00000E+01  2.59835E+03  0.00000E+00 -1.77323E-04  1.79807E-04  1.84035E-04  0.00000E+00  1.40678E-04  4.37933E-03
       419  1.00000E+01  2.60835E+03  0.00000E+00 -1.77299E-04  1.79606E-04  1.83895E-04  0.00000E+00  1.40168E-04  4.39335E-03
       420  1.00000E+01  2.61835E+03  0.00000E+00 -1.77203E-04  1.79360E-04  1.83727E-04  0.00000E+00  1.39840E-04  4.40733E-03
       421  1.00000E+01  2.62835E+03  0.00000E+00 -1.77075E-04  1.79095E-04  1.83552E-04  0.00000E+00  1.39678E-04  4.42130E-03
       422  1.00000E+01  2.63835E+03  0.00000E+00 -1.76941E-04  1.78829E-04  1.83375E-04  0.00000E+00  1.39367E-04  4.43524E-03
       423  1.00000E+01  2.64835E+03  0.00000E+00 -1.76804E-04  1.78564E-04  1.83201E-04  0.00000E+00  1.39567E-04  4.44919E-03
       424  1.00000E+01  2.65835E+03  0.00000E+00 -1.76663E-04  1.78300E-04  1.83026E-04  0.00000E+00  1.39171E-04  4.46311E-03
       425  1.00000E+01  2.66835E+03  0.00000E+00 -1.76521E-04  1.78037E-04  1.82852E-04  0.00000E+00  1.39268E-04  4.47704E-03
       426  1.00000E+01  2.67835E+03  0.00000E+00 -1.76378E-04  1.77776E-04  1.82680E-04  0.00000E+00  1.39354E-04  4.49097E-03
       427  1.00000E+01  2.68835E+03  0.00000E+00 -1.76233E-04  1.77517E-04  1.82508E-04  0.00000E+00  1.39441E-04  4.50492E-03
       428  1.00000E+01  2.69835E+03  0.00000E+00 -1.76087E-04  1.77261E-04  1.82339E-04  0.00000E+00  1.38829E-04  4.51880E-03
       429  1.00000E+01  2.70835E+03  0.00000E+00 -1.75926E-04  1.77010E-04  1.82173E-04  0.00000E+00  1.39106E-04  4.53271E-03
       430  1.00000E+01  2.71835E+03  0.00000E+00 -1.75766E-04  1.76763E-04  1.82013E-04  0.00000E+00  1.39085E-04  4.54662E-03
       431  1.00000E+01  2.72835E+03  0.00000E+00 -1.75606E-04  1.76519E-04  1.81863E-04  0.00000E+00  1.39071E-04  4.56053E-03
       432  1.00000E+01  2.73835E+03  0.00000E+00 -1.75447E-04  1.76278E-04  1.81718E-04  0.00000E+00  1.38933E-04  4.57442E-03
       433  1.00000E+01  2.74835E+03  0.00000E+00 -1.75287E-04  1.76039E-04  1.81575E-04  0.00000E+00  1.38547E-04  4.58827E-03
       434  1.00000E+01  2.75835E+03  0.00000E+00 -1.75127E-04  1.75802E-04  1.81438E-04  0.00000E+00  1.38117E-04  4.60209E-03
       435  1.00000E+01  2.76835E+03  0.00000E+00 -1.74967E-04  1.75568E-04  1.81303E-04  0.00000E+00  1.38208E-04  4.61591E-03
       436  1.00000E+01  2.77835E+03  0.00000E+00 -1.74807E-04  1.75335E-04  1.81169E-04  0.00000E+00  1.38013E-04  4.62971E-03
       437  1.00000E+01  2.78835E+03  0.00000E+00 -1.74638E-04  1.75107E-04  1.81037E-04  0.00000E+00  1.37749E-04  4.64348E-03
       438  1.00000E+01  2.79835E+03  0.00000E+00 -1.74469E-04  1.74883E-04  1.80907E-04  0.00000E+00  1.37245E-04  4.65721E-03
       439  1.00000E+01  2.80835E+03  0.00000E+00 -1.74302E-04  1.74662E-04  1.80779E-04  0.00000E+00  1.36776E-04  4.67089E-03
       440  1.00000E+01  2.81835E+03  0.00000E+00 -1.74134E-04  1.74443E-04  1.80650E-04  0.00000E+00  1.36585E-04  4.68454E-03
       441  1.00000E+01  2.82835E+03  0.00000E+00 -1.74483E-04  1.74741E-04  1.80353E-04  0.00000E+00  1.36173E-04  4.69816E-03
       442  1.00000E+01  2.83835E+03  0.00000E+00 -1.73728E-04  1.74655E-04  1.80305E-04  0.00000E+00  1.35832E-04  4.71174E-03
       443  1.00000E+01  2.84835E+03  0.00000E+00 -1.73637E-04  1.74495E-04  1.80209E-04  0.00000E+00  1.35960E-04  4.72534E-03
       444  1.00000E+01  2.85835E+03  0.00000E+00 -1.73503E-04  1.74299E-04  1.80089E-04  0.00000E+00  1.36115E-04  4.73895E-03
       445  1.00000E+01  2.86835E+03  0.00000E+00 -1.73354E-04  1.74089E-04  1.79961E-04  0.00000E+00  1.35774E-04  4.75253E-03
       446  1.00000E+01  2.87835E+03  0.00000E+00 -1.73199E-04  1.73877E-04  1.79830E-04  0.00000E+00  1.35312E-04  4.76606E-03
       447  1.00000E+01  2.88835E+03  0.00000E+00 -1.73042E-04  1.73665E-04  1.79699E-04  0.00000E+00  1.34880E-04  4.77955E-03
       448  1.00000E+01  2.89835E+03  0.00000E+00 -1.72877E-04  1.73455E-04  1.79570E-04  0.00000E+00  1.34726E-04  4.79302E-03
       449  1.00000E+01  2.90835E+03  0.00000E+00 -1.72701E-04  1.73250E-04  1.79442E-04  0.00000E+00  1.34676E-04  4.80649E-03
       450  1.00000E+01  2.91835E+03  0.00000E+00 -1.72520E-04  1.73047E-04  1.79316E-04  0.00000E+00  1.34495E-04  4.81994E-03
       451  1.00000E+01  2.92835E+03  0.00000E+00 -1.72342E-04  1.72847E-04  1.79190E-04  0.00000E+00  1.35030E-04  4.83344E-03
       452  1.00000E+01  2.93835E+03  0.00000E+00 -1.72165E-04  1.72650E-04  1.79066E-04  0.00000E+00  1.34535E-04  4.84689E-03
       453  1.00000E+01  2.94835E+03  0.00000E+00 -1.71990E-04  1.72453E-04  1.78942E-04  0.00000E+00  1.34584E-04  4.86035E-03
       454  1.00000E+01  2.95835E+03  0.00000E+00 -1.71816E-04  1.72257E-04  1.78818E-04  0.00000E+00  1.34556E-04  4.87381E-03
       455  1.00000E+01  2.96835E+03  0.00000E+00 -1.72030E-04  1.72450E-04  1.78553E-04  0.00000E+00  1.34230E-04  4.88723E-03
       456  1.00000E+01  2.97835E+03  0.00000E+00 -1.71400E-04  1.72370E-04  1.78497E-04  0.00000E+00  1.33973E-04  4.90063E-03
       457  1.00000E+01  2.98835E+03  0.00000E+00 -1.71998E-04  1.72914E-04  1.78174E-04  0.00000E+00  1.33578E-04  4.91399E-03
       458  1.00000E+01  2.99835E+03  0.00000E+00 -1.71058E-04  1.72881E-04  1.78152E-04  0.00000E+00  1.34074E-04  4.92739E-03
       459  1.00000E+01  3.00835E+03  0.00000E+00 -1.71007E-04  1.72749E-04  1.78064E-04  0.00000E+00  1.34674E-04  4.94086E-03
       460  1.00000E+01  3.01835E+03  0.00000E+00 -1.70898E-04  1.72565E-04  1.77942E-04  0.00000E+00  1.34945E-04  4.95436E-03
       461  1.00000E+01  3.02835E+03  0.00000E+00 -1.70760E-04  1.72361E-04  1.77807E-04  0.00000E+00  1.35064E-04  4.96786E-03
       462  1.00000E+01  3.03835E+03  0.00000E+00 -1.70612E-04  1.72153E-04  1.77669E-04  0.00000E+00  1.34527E-04  4.98131E-03
       463  1.00000E+01  3.04835E+03  0.00000E+00 -1.70461E-04  1.71944E-04  1.77534E-04  0.00000E+00  1.34182E-04  4.99473E-03
       464  1.00000E+01  3.05835E+03  0.00000E+00 -1.70308E-04  1.71736E-04  1.77400E-04  0.00000E+00  1.33721E-04  5.00811E-03
       465  1.00000E+01  3.06835E+03  0.00000E+00 -1.70527E-04  1.71902E-04  1.77124E-04  0.00000E+00  1.33863E-04  5.02149E-03
       466  1.00000E+01  3.07835E+03  0.00000E+00 -1.70337E-04  1.72212E-04  1.76908E-04  0.00000E+00  1.33468E-04  5.03484E-03
       467  1.00000E+01  3.08835E+03  0.00000E+00 -1.69771E-04  1.72162E-04  1.76873E-04  0.00000E+00  1.33394E-04  5.04818E-03
       468  1.00000E+01  3.09835E+03  0.00000E+00 -1.69721E-04  1.72005E-04  1.76773E-04  0.00000E+00  1.33953E-04  5.06157E-03
       469  1.00000E+01  3.10835E+03  0.00000E+00 -1.69617E-04  1.71801E-04  1.76643E-04  0.00000E+00  1.33422E-04  5.07492E-03
       470  1.00000E+01  3.11835E+03  0.00000E+00 -1.69492E-04  1.71582E-04  1.76503E-04  0.00000E+00  1.33261E-04  5.08824E-03
       471  1.00000E+01  3.12835E+03  0.00000E+00 -1.69360E-04  1.71360E-04  1.76361E-04  0.00000E+00  1.32781E-04  5.10152E-03
       472  1.00000E+01  3.13835E+03  0.00000E+00 -1.69224E-04  1.71137E-04  1.76219E-04  0.00000E+00  1.32723E-04  5.11479E-03
       473  1.00000E+01  3.14835E+03  0.00000E+00 -1.69086E-04  1.70914E-04  1.76077E-04  0.00000E+00  1.32266E-04  5.12802E-03
       474  1.00000E+01  3.15835E+03  0.00000E+00 -1.68946E-04  1.70693E-04  1.75935E-04  0.00000E+00  1.32467E-04  5.14127E-03
       475  1.00000E+01  3.16835E+03  0.00000E+00 -1.68803E-04  1.70472E-04  1.75794E-04  0.00000E+00  1.32095E-04  5.15447E-03
       476  1.00000E+01  3.17835E+03  0.00000E+00 -1.68660E-04  1.70252E-04  1.75653E-04  0.00000E+00  1.31698E-04  5.16764E-03
       477  1.00000E+01  3.18835E+03  0.00000E+00 -1.68516E-04  1.70035E-04  1.75514E-04  0.00000E+00  1.31276E-04  5.18077E-03
       478  1.00000E+01  3.19835E+03  0.00000E+00 -1.68372E-04  1.69819E-04  1.75376E-04  0.00000E+00  1.31122E-04  5.19388E-03
       479  1.00000E+01  3.20835E+03  0.00000E+00 -1.68227E-04  1.69603E-04  1.75238E-04  0.00000E+00  1.31557E-04  5.20704E-03
       480  1.00000E+01  3.21835E+03  0.00000E+00 -1.68081E-04  1.69390E-04  1.75102E-04  0.00000E+00  1.31122E-04  5.22015E-03
       481  1.00000E+01  3.22835E+03  0.00000E+00 -1.67936E-04  1.69178E-04  1.74966E-04  0.00000E+00  1.30827E-04  5.23323E-03
       482  1.00000E+01  3.23835E+03  0.00000E+00 -1.67790E-04  1.68967E-04  1.74831E-04  0.00000E+00  1.30430E-04  5.24628E-03
       483  1.00000E+01  3.24835E+03  0.00000E+00 -1.67644E-04  1.68757E-04  1.74697E-04  0.00000E+00  1.30052E-04  5.25928E-03
       484  1.00000E+01  3.25835E+03  0.00000E+00 -1.67496E-04  1.68548E-04  1.74563E-04  0.00000E+00  1.29936E-04  5.27228E-03
       485  1.00000E+01  3.26835E+03  0.00000E+00 -1.67663E-04  1.68654E-04  1.74337E-04  0.00000E+00  1.29983E-04  5.28528E-03
       486  1.00000E+01  3.27835E+03  0.00000E+00 -1.67200E-04  1.68514E-04  1.74241E-04  0.00000E+00  1.31141E-04  5.29839E-03
       487  1.00000E+01  3.28835E+03  0.00000E+00 -1.67101E-04  1.68325E-04  1.74116E-04  0.00000E+00  1.31248E-04  5.31151E-03
       488  1.00000E+01  3.29835E+03  0.00000E+00 -1.66980E-04  1.68119E-04  1.73980E-04  0.00000E+00  1.30940E-04  5.32461E-03
       489  1.00000E+01  3.30835E+03  0.00000E+00 -1.67057E-04  1.68112E-04  1.73783E-04  0.00000E+00  1.31929E-04  5.33780E-03
       490  1.00000E+01  3.31835E+03  0.00000E+00 -1.66731E-04  1.67926E-04  1.73664E-04  0.00000E+00  1.31320E-04  5.35093E-03
       491  1.00000E+01  3.32835E+03  0.00000E+00 -1.66627E-04  1.67729E-04  1.73534E-04  0.00000E+00  1.30817E-04  5.36401E-03
       492  1.00000E+01  3.33835E+03  0.00000E+00 -1.66506E-04  1.67526E-04  1.73397E-04  0.00000E+00  1.30622E-04  5.37708E-03
       493  1.00000E+01  3.34835E+03  0.00000E+00 -1.66377E-04  1.67323E-04  1.73260E-04  0.00000E+00  1.30179E-04  5.39009E-03
       494  1.00000E+01  3.35835E+03  0.00000E+00 -1.66244E-04  1.67122E-04  1.73124E-04  0.00000E+00  1.30040E-04  5.40310E-03
       495  1.00000E+01  3.36835E+03  0.00000E+00 -1.66108E-04  1.66922E-04  1.72989E-04  0.00000E+00  1.30100E-04  5.41611E-03
       496  1.00000E+01  3.37835E+03  0.00000E+00 -1.65970E-04  1.66725E-04  1.72856E-04  0.00000E+00  1.29662E-04  5.42907E-03
       497  1.00000E+01  3.38835E+03  0.00000E+00 -1.65831E-04  1.66529E-04  1.72725E-04  0.00000E+00  1.29640E-04  5.44204E-03
       498  1.00000E+01  3.39835E+03  0.00000E+00 -1.65690E-04  1.66335E-04  1.72595E-04  0.00000E+00  1.29871E-04  5.45503E-03
       499  1.00000E+01  3.40835E+03  0.00000E+00 -1.65548E-04  1.66142E-04  1.72468E-04  0.00000E+00  1.29711E-04  5.46800E-03
       500  1.00000E+01  3.41835E+03  0.00000E+00 -1.65405E-04  1.65951E-04  1.72344E-04  0.00000E+00  1.29271E-04  5.48092E-03
       501  1.00000E+01  3.42835E+03  0.00000E+00 -1.65255E-04  1.65763E-04  1.72221E-04  0.00000E+00  1.29272E-04  5.49385E-03
       502  1.00000E+01  3.43835E+03  0.00000E+00 -1.65106E-04  1.65578E-04  1.72100E-04  0.00000E+00  1.29390E-04  5.50679E-03
       503  1.00000E+01  3.44835E+03  0.00000E+00 -1.64958E-04  1.65395E-04  1.71980E-04  0.00000E+00  1.28953E-04  5.51969E-03
       504  1.00000E+01  3.45835E+03  0.00000E+00 -1.64806E-04  1.65214E-04  1.71862E-04  0.00000E+00  1.28559E-04  5.53254E-03
       505  1.00000E+01  3.46835E+03  0.00000E+00 -1.65141E-04  1.65531E-04  1.71579E-04  0.00000E+00  1.28133E-04  5.54535E-03
       506  1.00000E+01  3.47835E+03  0.00000E+00 -1.64418E-04  1.65480E-04  1.71540E-04  0.00000E+00  1.27875E-04  5.55814E-03
       507  1.00000E+01  3.48835E+03  0.00000E+00 -1.64342E-04  1.65354E-04  1.71452E-04  0.00000E+00  1.27857E-04  5.57093E-03
       508  1.00000E+01  3.49835E+03  0.00000E+00 -1.64226E-04  1.65191E-04  1.71342E-04  0.00000E+00  1.28096E-04  5.58374E-03
       509  1.00000E+01  3.50835E+03  0.00000E+00 -1.64095E-04  1.65015E-04  1.71224E-04  0.00000E+00  1.27724E-04  5.59651E-03
       510  1.00000E+01  3.51835E+03  0.00000E+00 -1.63959E-04  1.64835E-04  1.71103E-04  0.00000E+00  1.27647E-04  5.60927E-03
       511  1.00000E+01  3.52835E+03  0.00000E+00 -1.63821E-04  1.64655E-04  1.70981E-04  0.00000E+00  1.27496E-04  5.62202E-03
       512  1.00000E+01  3.53835E+03  0.00000E+00 -1.63682E-04  1.64475E-04  1.70860E-04  0.00000E+00  1.27281E-04  5.63475E-03
       513  1.00000E+01  3.54835E+03  0.00000E+00 -1.63543E-04  1.64295E-04  1.70739E-04  0.00000E+00  1.27527E-04  5.64751E-03
       514  1.00000E+01  3.55835E+03  0.00000E+00 -1.63404E-04  1.64115E-04  1.70618E-04  0.00000E+00  1.27155E-04  5.66022E-03
       515  1.00000E+01  3.56835E+03  0.00000E+00 -1.63260E-04  1.63937E-04  1.70498E-04  0.00000E+00  1.27291E-04  5.67295E-03
       516  1.00000E+01  3.57835E+03  0.00000E+00 -1.63114E-04  1.63760E-04  1.70380E-04  0.00000E+00  1.27124E-04  5.68566E-03
       517  1.00000E+01  3.58835E+03  0.00000E+00 -1.63426E-04  1.64042E-04  1.70039E-04  0.00000E+00  1.26489E-04  5.69831E-03
       518  5.82254E+00  3.59418E+03  0.00000E+00 -1.62122E-04  1.63150E-04  1.70300E-04  0.00000E+00  1.26818E-04  5.70570E-03
       519  5.82254E+00  3.60000E+03  0.00000E+00 -1.62555E-04  1.63525E-04  1.70261E-04  0.00000E+00  1.27054E-04  5.71309E-03
