      0  0.00000000E+00     NSTEP   TIME
 SURFACE NODE =   441  X =   1.0000E+01  Y =   0.0000E+00
              Z  PRESSURE HEAD             SW           CKRW        QTRANIE
   3.350000E-01   0.000000E+00   1.000000E+00   1.000000E+00   0.000000E+00   0.000000E+00
   3.290000E-01   6.000000E-03   1.000000E+00   1.000000E+00   0.000000E+00   0.000000E+00
   3.170000E-01   1.800000E-02   1.000000E+00   1.000000E+00   0.000000E+00   0.000000E+00
   2.990000E-01   3.600000E-02   1.000000E+00   1.000000E+00   0.000000E+00   0.000000E+00
   2.750000E-01   6.000000E-02   1.000000E+00   1.000000E+00   0.000000E+00   0.000000E+00
   2.450000E-01   9.000000E-02   1.000000E+00   1.000000E+00   0.000000E+00   0.000000E+00
   2.150000E-01   1.200000E-01   1.000000E+00   1.000000E+00   0.000000E+00   0.000000E+00
   1.550000E-01   1.800000E-01   1.000000E+00   1.000000E+00   0.000000E+00   0.000000E+00
   9.500000E-02   2.400000E-01   1.000000E+00   1.000000E+00   0.000000E+00   0.000000E+00
  -5.500000E-02   3.900000E-01   1.000000E+00   1.000000E+00   0.000000E+00   0.000000E+00
  -2.050000E-01   5.400000E-01   1.000000E+00   1.000000E+00   0.000000E+00   0.000000E+00
  -5.050000E-01   8.400000E-01   1.000000E+00   1.000000E+00   0.000000E+00   0.000000E+00
  -8.050000E-01   1.140000E+00   1.000000E+00   1.000000E+00   0.000000E+00   0.000000E+00
  -1.405000E+00   1.740000E+00   1.000000E+00   1.000000E+00   0.000000E+00   0.000000E+00
  -2.005000E+00   2.340000E+00   1.000000E+00   1.000000E+00   0.000000E+00   0.000000E+00
  -2.665000E+00   3.000000E+00   1.000000E+00   1.000000E+00   0.000000E+00   0.000000E+00
    339  1.80835491E+03     NSTEP   TIME
 SURFACE NODE =   441  X =   1.0000E+01  Y =   0.0000E+00
              Z  PRESSURE HEAD             SW           CKRW        QTRANIE
   3.350000E-01   4.947599E-03   1.000000E+00   1.000000E+00   0.000000E+00   0.000000E+00
   3.290000E-01   1.175171E-02   1.000000E+00   1.000000E+00   0.000000E+00   0.000000E+00
   3.170000E-01   2.534079E-02   1.000000E+00   1.000000E+00   0.000000E+00   0.000000E+00
   2.990000E-01   4.567957E-02   1.000000E+00   1.000000E+00   0.000000E+00   0.000000E+00
   2.750000E-01   7.271891E-02   1.000000E+00   1.000000E+00   0.000000E+00   0.000000E+00
   2.450000E-01   1.063987E-01   1.000000E+00   1.000000E+00   0.000000E+00   0.000000E+00
   2.150000E-01   1.399582E-01   1.000000E+00   1.000000E+00   0.000000E+00   0.000000E+00
   1.550000E-01   2.067028E-01   1.000000E+00   1.000000E+00   0.000000E+00   0.000000E+00
   9.500000E-02   2.730453E-01   1.000000E+00   1.000000E+00   0.000000E+00   0.000000E+00
  -5.500000E-02   4.371216E-01   1.000000E+00   1.000000E+00   0.000000E+00   0.000000E+00
  -2.050000E-01   5.994227E-01   1.000000E+00   1.000000E+00   0.000000E+00   0.000000E+00
  -5.050000E-01   9.192992E-01   1.000000E+00   1.000000E+00   0.000000E+00   0.000000E+00
  -8.050000E-01   1.234972E+00   1.000000E+00   1.000000E+00   0.000000E+00   0.000000E+00
  -1.405000E+00   1.855847E+00   1.000000E+00   1.000000E+00   0.000000E+00   0.000000E+00
  -2.005000E+00   2.467254E+00   1.000000E+00   1.000000E+00   0.000000E+00   0.000000E+00
  -2.665000E+00   3.130593E+00   1.000000E+00   1.000000E+00   0.000000E+00   0.000000E+00
    519  3.60000000E+03     NSTEP   TIME
 SURFACE NODE =   441  X =   1.0000E+01  Y =   0.0000E+00
              Z  PRESSURE HEAD             SW           CKRW        QTRANIE
   3.350000E-01   4.423172E-03   1.000000E+00   1.000000E+00   0.000000E+00   0.000000E+00
   3.290000E-01   1.121608E-02   1.000000E+00   1.000000E+00   0.000000E+00   0.000000E+00
   3.170000E-01   2.478280E-02   1.000000E+00   1.000000E+00   0.000000E+00   0.000000E+00
   2.990000E-01   4.508817E-02   1.000000E+00   1.000000E+00   0.000000E+00   0.000000E+00
   2.750000E-01   7.208316E-02   1.000000E+00   1.000000E+00   0.000000E+00   0.000000E+00
   2.450000E-01   1.057078E-01   1.000000E+00   1.000000E+00   0.000000E+00   0.000000E+00
   2.150000E-01   1.392124E-01   1.000000E+00   1.000000E+00   0.000000E+00   0.000000E+00
   1.550000E-01   2.058481E-01   1.000000E+00   1.000000E+00   0.000000E+00   0.000000E+00
   9.500000E-02   2.720824E-01   1.000000E+00   1.000000E+00   0.000000E+00   0.000000E+00
  -5.500000E-02   4.358916E-01   1.000000E+00   1.000000E+00   0.000000E+00   0.000000E+00
  -2.050000E-01   5.979303E-01   1.000000E+00   1.000000E+00   0.000000E+00   0.000000E+00
  -5.050000E-01   9.173021E-01   1.000000E+00   1.000000E+00   0.000000E+00   0.000000E+00
  -8.050000E-01   1.232510E+00   1.000000E+00   1.000000E+00   0.000000E+00   0.000000E+00
  -1.405000E+00   1.852623E+00   1.000000E+00   1.000000E+00   0.000000E+00   0.000000E+00
  -2.005000E+00   2.463553E+00   1.000000E+00   1.000000E+00   0.000000E+00   0.000000E+00
  -2.665000E+00   3.126743E+00   1.000000E+00   1.000000E+00   0.000000E+00   0.000000E+00
    519  3.60000000E+03     NSTEP   TIME
 SURFACE NODE =   441  X =   1.0000E+01  Y =   0.0000E+00
              Z  PRESSURE HEAD             SW           CKRW        QTRANIE
   3.350000E-01   4.423172E-03   1.000000E+00   1.000000E+00   0.000000E+00   0.000000E+00
   3.290000E-01   1.121608E-02   1.000000E+00   1.000000E+00   0.000000E+00   0.000000E+00
   3.170000E-01   2.478280E-02   1.000000E+00   1.000000E+00   0.000000E+00   0.000000E+00
   2.990000E-01   4.508817E-02   1.000000E+00   1.000000E+00   0.000000E+00   0.000000E+00
   2.750000E-01   7.208316E-02   1.000000E+00   1.000000E+00   0.000000E+00   0.000000E+00
   2.450000E-01   1.057078E-01   1.000000E+00   1.000000E+00   0.000000E+00   0.000000E+00
   2.150000E-01   1.392124E-01   1.000000E+00   1.000000E+00   0.000000E+00   0.000000E+00
   1.550000E-01   2.058481E-01   1.000000E+00   1.000000E+00   0.000000E+00   0.000000E+00
   9.500000E-02   2.720824E-01   1.000000E+00   1.000000E+00   0.000000E+00   0.000000E+00
  -5.500000E-02   4.358916E-01   1.000000E+00   1.000000E+00   0.000000E+00   0.000000E+00
  -2.050000E-01   5.979303E-01   1.000000E+00   1.000000E+00   0.000000E+00   0.000000E+00
  -5.050000E-01   9.173021E-01   1.000000E+00   1.000000E+00   0.000000E+00   0.000000E+00
  -8.050000E-01   1.232510E+00   1.000000E+00   1.000000E+00   0.000000E+00   0.000000E+00
  -1.405000E+00   1.852623E+00   1.000000E+00   1.000000E+00   0.000000E+00   0.000000E+00
  -2.005000E+00   2.463553E+00   1.000000E+00   1.000000E+00   0.000000E+00   0.000000E+00
  -2.665000E+00   3.126743E+00   1.000000E+00   1.000000E+00   0.000000E+00   0.000000E+00
