#       2
#          TIME              381             441
  1.00000000E-02   0.0000000E+00   0.0000000E+00   0.0000000E+00   0.0000000E+00   0.0000000E+00   0.0000000E+00
  1.50000000E-02   9.0282123E-10   0.0000000E+00   0.0000000E+00   1.3227194E-09   0.0000000E+00   0.0000000E+00
  2.05000000E-02   1.7105154E-09   0.0000000E+00   3.0817497E-11   2.0803650E-09   0.0000000E+00   6.1634129E-11
  2.65500000E-02   2.7053610E-09   0.0000000E+00   6.9829563E-11   3.0044762E-09   0.0000000E+00   9.8874384E-11
  3.26000000E-02   3.7877979E-09   0.0000000E+00   1.1729951E-10   4.1131812E-09   0.0000000E+00   1.4553127E-10
  3.86500000E-02   4.9506541E-09   0.0000000E+00   1.6912074E-10   5.2997287E-09   0.0000000E+00   2.0223388E-10
  4.47000000E-02   6.1814218E-09   0.0000000E+00   2.2807271E-10   6.5552124E-09   0.0000000E+00   2.6287398E-10
  4.77250000E-02   6.8268761E-09   0.0000000E+00   2.9088644E-10   7.8753854E-09   0.0000000E+00   3.2690901E-10
  5.10525000E-02   7.5463402E-09   0.0000000E+00   3.2396602E-10   8.5506654E-09   0.0000000E+00   3.9415184E-10
  5.47127500E-02   8.3608805E-09   0.0000000E+00   3.6117553E-10   9.3109237E-09   0.0000000E+00   4.2848150E-10
  5.83730000E-02   9.1996803E-09   0.0000000E+00   4.0309088E-10   1.0167212E-08   0.0000000E+00   4.6716911E-10
  6.23992750E-02   1.0144978E-08   0.0000000E+00   4.4601548E-10   1.1042449E-08   0.0000000E+00   5.1077611E-10
  6.64255500E-02   1.1113773E-08   0.0000000E+00   4.9424927E-10   1.2027122E-08   0.0000000E+00   5.5536916E-10
  7.04518250E-02   1.2103157E-08   0.0000000E+00   5.4354932E-10   1.3032973E-08   0.0000000E+00   6.0554730E-10
  7.44781000E-02   1.3111522E-08   0.0000000E+00   5.9381616E-10   1.4059093E-08   0.0000000E+00   6.5678267E-10
  7.85043750E-02   1.4138665E-08   0.0000000E+00   6.4498654E-10   1.5104599E-08   0.0000000E+00   7.0901773E-10
  8.25306500E-02   1.5184405E-08   0.0000000E+00   6.9700507E-10   1.6168726E-08   0.0000000E+00   7.6220048E-10
  8.65569250E-02   1.6248107E-08   0.0000000E+00   7.4982182E-10   1.7250798E-08   0.0000000E+00   8.1630263E-10
  9.05832000E-02   1.7329388E-08   0.0000000E+00   8.0339161E-10   1.8350236E-08   0.0000000E+00   8.7127737E-10
  9.46094750E-02   1.8428222E-08   0.0000000E+00   8.5767334E-10   1.9466582E-08   0.0000000E+00   9.2708190E-10
  9.86357500E-02   1.9543975E-08   0.0000000E+00   9.1262952E-10   2.0599374E-08   0.0000000E+00   9.8367695E-10
  1.03064652E-01   2.0788813E-08   0.0000000E+00   9.6822580E-10   2.1748213E-08   0.0000000E+00   1.0410150E-09
  1.07493555E-01   2.2051250E-08   0.0000000E+00   1.0300529E-09   2.3030395E-08   0.0000000E+00   1.0990662E-09
  1.11922457E-01   2.3330279E-08   0.0000000E+00   1.0926597E-09   2.4330402E-08   0.0000000E+00   1.1637473E-09
  1.16351360E-01   2.4626072E-08   0.0000000E+00   1.1559297E-09   2.5647719E-08   0.0000000E+00   1.2292157E-09
  1.20780262E-01   2.5938000E-08   0.0000000E+00   1.2198300E-09   2.6981793E-08   0.0000000E+00   1.2954382E-09
  1.25209165E-01   2.7265974E-08   0.0000000E+00   1.2843304E-09   2.8332150E-08   0.0000000E+00   1.3623838E-09
  1.29638067E-01   2.8609791E-08   0.0000000E+00   1.3494028E-09   2.9698229E-08   0.0000000E+00   1.4300232E-09
  1.34066970E-01   2.9969578E-08   0.0000000E+00   1.4150209E-09   3.1079649E-08   0.0000000E+00   1.4983290E-09
  1.38495872E-01   3.1344957E-08   0.0000000E+00   1.4811602E-09   3.2476793E-08   0.0000000E+00   1.5672753E-09
  1.42924775E-01   3.2736177E-08   0.0000000E+00   1.5477979E-09   3.3888625E-08   0.0000000E+00   1.6368377E-09
  1.47353677E-01   3.4142905E-08   0.0000000E+00   1.6149126E-09   3.5314450E-08   0.0000000E+00   1.7069929E-09
  1.51782580E-01   3.5562435E-08   0.0000000E+00   1.6824841E-09   3.6753852E-08   0.0000000E+00   1.7777190E-09
  1.56211482E-01   3.6995233E-08   0.0000000E+00   1.7504935E-09   3.8206395E-08   0.0000000E+00   1.8489953E-09
  1.60640385E-01   3.8441090E-08   0.0000000E+00   1.8189231E-09   3.9671681E-08   0.0000000E+00   1.9208019E-09
  1.65512178E-01   4.0044769E-08   0.0000000E+00   1.8877561E-09   4.1149330E-08   0.0000000E+00   1.9931202E-09
  1.70383970E-01   4.1663728E-08   0.0000000E+00   1.9639013E-09   4.2789262E-08   0.0000000E+00   2.0659334E-09
  1.75255763E-01   4.3296650E-08   0.0000000E+00   2.0406656E-09   4.4443148E-08   0.0000000E+00   2.1466043E-09
  1.80127556E-01   4.4943298E-08   0.0000000E+00   2.1178562E-09   4.6104519E-08   0.0000000E+00   2.2278318E-09
  1.85486528E-01   4.6771935E-08   0.0000000E+00   2.1955344E-09   4.7783008E-08   0.0000000E+00   2.3034648E-09
  1.90845500E-01   4.8616744E-08   0.0000000E+00   2.2840766E-09   4.9644708E-08   0.0000000E+00   2.3836936E-09
  1.96740369E-01   5.0663883E-08   0.0000000E+00   2.3730862E-09   5.1521114E-08   0.0000000E+00   2.4727006E-09
  2.02635239E-01   5.2728919E-08   0.0000000E+00   2.4714934E-09   5.3602371E-08   0.0000000E+00   2.5623927E-09
  2.08530108E-01   5.4809779E-08   0.0000000E+00   2.5704709E-09   5.5699978E-08   0.0000000E+00   2.6618387E-09
  2.14424977E-01   5.6906914E-08   0.0000000E+00   2.6699582E-09   5.7813225E-08   0.0000000E+00   2.7620053E-09
  2.20319846E-01   5.9020229E-08   0.0000000E+00   2.7699346E-09   5.9942367E-08   0.0000000E+00   2.8628502E-09
  2.26214715E-01   6.1148076E-08   0.0000000E+00   2.8703803E-09   6.2086410E-08   0.0000000E+00   2.9643353E-09
  2.32109585E-01   6.3291407E-08   0.0000000E+00   2.9712759E-09   6.4244245E-08   0.0000000E+00   3.0664272E-09
  2.38004454E-01   6.5448057E-08   0.0000000E+00   3.0726033E-09   6.6416120E-08   0.0000000E+00   3.1690954E-09
  2.43899323E-01   6.7617955E-08   0.0000000E+00   3.1743446E-09   6.8604096E-08   0.0000000E+00   3.2723120E-09
  2.49794192E-01   6.9801460E-08   0.0000000E+00   3.2764830E-09   7.0804409E-08   0.0000000E+00   3.3760511E-09
  2.55689062E-01   7.1997767E-08   0.0000000E+00   3.3790024E-09   7.3016332E-08   0.0000000E+00   3.4802888E-09
  2.62173418E-01   7.4428344E-08   0.0000000E+00   3.4818876E-09   7.5239395E-08   0.0000000E+00   3.5850029E-09
  2.68657774E-01   7.6873608E-08   0.0000000E+00   3.5954528E-09   7.7698966E-08   0.0000000E+00   3.6901744E-09
  2.75142130E-01   7.9333539E-08   0.0000000E+00   3.7096086E-09   8.0171294E-08   0.0000000E+00   3.8064032E-09
  2.82274922E-01   8.2054132E-08   0.0000000E+00   3.8258113E-09   8.2655516E-08   0.0000000E+00   3.9231296E-09
  2.89407714E-01   8.4790348E-08   0.0000000E+00   3.9542201E-09   8.5401812E-08   0.0000000E+00   4.0404277E-09
  2.96540505E-01   8.7540716E-08   0.0000000E+00   4.0831764E-09   8.8161497E-08   0.0000000E+00   4.1700397E-09
  3.04386576E-01   9.0580790E-08   0.0000000E+00   4.2126228E-09   9.0934215E-08   0.0000000E+00   4.3001547E-09
  3.12232647E-01   9.3636548E-08   0.0000000E+00   4.3555311E-09   9.3998876E-08   0.0000000E+00   4.4307498E-09
  3.20078718E-01   9.6706306E-08   0.0000000E+00   4.4990038E-09   9.7076710E-08   0.0000000E+00   4.5749669E-09
  3.28709396E-01   1.0009821E-07   0.0000000E+00   4.6429729E-09   1.0016799E-07   0.0000000E+00   4.7197001E-09
  3.37340074E-01   1.0350753E-07   0.0000000E+00   4.8018619E-09   1.0358271E-07   0.0000000E+00   4.8649237E-09
  3.46833820E-01   1.0727426E-07   0.0000000E+00   4.9613256E-09   1.0701279E-07   0.0000000E+00   5.0252411E-09
  3.56327566E-01   1.1105705E-07   0.0000000E+00   5.1372911E-09   1.1080255E-07   0.0000000E+00   5.1860827E-09
  3.65821312E-01   1.1485452E-07   0.0000000E+00   5.3138657E-09   1.1460643E-07   0.0000000E+00   5.3636151E-09
  3.75315058E-01   1.1866595E-07   0.0000000E+00   5.4909574E-09   1.1842318E-07   0.0000000E+00   5.5416964E-09
  3.85758178E-01   1.2287533E-07   0.0000000E+00   5.6685470E-09   1.2225352E-07   0.0000000E+00   5.7197653E-09
  3.96201298E-01   1.2710058E-07   0.0000000E+00   5.8644519E-09   1.2648135E-07   0.0000000E+00   5.8986047E-09
  4.07688731E-01   1.3176351E-07   0.0000000E+00   6.0609149E-09   1.3072197E-07   0.0000000E+00   6.0958726E-09
  4.20324907E-01   1.3690996E-07   0.0000000E+00   6.2775497E-09   1.3540379E-07   0.0000000E+00   6.2936290E-09
  4.34224700E-01   1.4259109E-07   0.0000000E+00   6.5165009E-09   1.4056984E-07   0.0000000E+00   6.5117143E-09
  4.48124493E-01   1.4829139E-07   0.0000000E+00   6.7800628E-09   1.4627309E-07   0.0000000E+00   6.7522210E-09
  4.63414266E-01   1.5458131E-07   0.0000000E+00   7.0443052E-09   1.5199227E-07   0.0000000E+00   7.0174387E-09
  4.80233016E-01   1.6152164E-07   0.0000000E+00   7.3356002E-09   1.5830136E-07   0.0000000E+00   7.2832323E-09
  4.98733640E-01   1.6918092E-07   0.0000000E+00   7.6567948E-09   1.6525987E-07   0.0000000E+00   7.5762772E-09
  5.17234265E-01   1.7686283E-07   0.0000000E+00   8.0109302E-09   1.7293602E-07   0.0000000E+00   7.8993409E-09
  5.37584953E-01   1.8533322E-07   0.0000000E+00   8.3658042E-09   1.8062935E-07   0.0000000E+00   8.2554418E-09
  5.59970709E-01   1.9467231E-07   0.0000000E+00   8.7568226E-09   1.8910995E-07   0.0000000E+00   8.6121565E-09
  5.82356465E-01   2.0403220E-07   0.0000000E+00   9.1877486E-09   1.9846593E-07   0.0000000E+00   9.0052378E-09
  6.04742221E-01   2.1340867E-07   0.0000000E+00   9.6193538E-09   2.0783895E-07   0.0000000E+00   9.4383031E-09
  6.29366553E-01   2.2374219E-07   0.0000000E+00   1.0051411E-08   2.1722500E-07   0.0000000E+00   9.8718758E-09
  6.53990884E-01   2.3409028E-07   0.0000000E+00   1.0527154E-08   2.2756662E-07   0.0000000E+00   1.0305931E-08
  6.81077649E-01   2.4548720E-07   0.0000000E+00   1.1003393E-08   2.3791963E-07   0.0000000E+00   1.0783886E-08
  7.10873091E-01   2.5803886E-07   0.0000000E+00   1.1527640E-08   2.4932505E-07   0.0000000E+00   1.1262209E-08
  7.40668532E-01   2.7060134E-07   0.0000000E+00   1.2104868E-08   2.6188678E-07   0.0000000E+00   1.1788801E-08
  7.73443517E-01   2.8443250E-07   0.0000000E+00   1.2682455E-08   2.7445850E-07   0.0000000E+00   1.2368401E-08
  8.09496001E-01   2.9965865E-07   0.0000000E+00   1.3318046E-08   2.8829553E-07   0.0000000E+00   1.2948244E-08
  8.49153734E-01   3.1641807E-07   0.0000000E+00   1.4017637E-08   3.0352359E-07   0.0000000E+00   1.3586388E-08
  8.92777239E-01   3.3486298E-07   0.0000000E+00   1.4787591E-08   3.2028114E-07   0.0000000E+00   1.4288657E-08
  9.40763096E-01   3.5516137E-07   0.0000000E+00   1.5634902E-08   3.3872309E-07   0.0000000E+00   1.5061659E-08
  9.93547538E-01   3.7750016E-07   0.0000000E+00   1.6567255E-08   3.5901750E-07   0.0000000E+00   1.5912193E-08
  1.04633198E+00   3.9983608E-07   0.0000000E+00   1.7593102E-08   3.8135075E-07   0.0000000E+00   1.6847968E-08
  1.10439487E+00   4.2440825E-07   0.0000000E+00   1.8618726E-08   4.0368520E-07   0.0000000E+00   1.7877198E-08
  1.16245775E+00   4.4897365E-07   0.0000000E+00   1.9746738E-08   4.2825597E-07   0.0000000E+00   1.8906302E-08
  1.22632693E+00   4.7599620E-07   0.0000000E+00   2.0874391E-08   4.5282168E-07   0.0000000E+00   2.0038055E-08
  1.29019610E+00   5.0300850E-07   0.0000000E+00   2.2114557E-08   4.7984237E-07   0.0000000E+00   2.1169583E-08
  1.36045219E+00   5.3272267E-07   0.0000000E+00   2.3354245E-08   5.0685576E-07   0.0000000E+00   2.2413891E-08
  1.43773389E+00   5.6541147E-07   0.0000000E+00   2.4717603E-08   5.3656786E-07   0.0000000E+00   2.3657896E-08
  1.51501560E+00   5.9808341E-07   0.0000000E+00   2.6217444E-08   5.6924407E-07   0.0000000E+00   2.5026293E-08
  1.60002547E+00   6.3402141E-07   0.0000000E+00   2.7716533E-08   6.0191018E-07   0.0000000E+00   2.6530955E-08
  1.68503534E+00   6.6993996E-07   0.0000000E+00   2.9365171E-08   6.3783999E-07   0.0000000E+00   2.8035200E-08
  1.77854620E+00   7.0944979E-07   0.0000000E+00   3.1012935E-08   6.7376663E-07   0.0000000E+00   2.9689206E-08
  1.87205706E+00   7.4893804E-07   0.0000000E+00   3.2825127E-08   7.1328528E-07   0.0000000E+00   3.1342742E-08
  1.97491900E+00   7.9237787E-07   0.0000000E+00   3.4636306E-08   7.5279093E-07   0.0000000E+00   3.3160878E-08
  2.08806714E+00   8.4017018E-07   0.0000000E+00   3.6628282E-08   7.9624563E-07   0.0000000E+00   3.4978491E-08
  2.21253009E+00   8.9274708E-07   0.0000000E+00   3.8819853E-08   8.4404489E-07   0.0000000E+00   3.6977980E-08
  2.34943934E+00   9.5058800E-07   0.0000000E+00   4.1230999E-08   8.9662519E-07   0.0000000E+00   3.9177583E-08
  2.48634859E+00   1.0083834E-06   0.0000000E+00   4.3883718E-08   9.5446819E-07   0.0000000E+00   4.1597374E-08
  2.63694876E+00   1.0719641E-06   0.0000000E+00   4.6534169E-08   1.0122985E-06   0.0000000E+00   4.4257630E-08
  2.80260895E+00   1.1419169E-06   0.0000000E+00   4.9449432E-08   1.0759193E-06   0.0000000E+00   4.6917107E-08
  2.98483516E+00   1.2188885E-06   0.0000000E+00   5.2657008E-08   1.1459102E-06   0.0000000E+00   4.9843023E-08
  3.16706137E+00   1.2957952E-06   0.0000000E+00   5.6186264E-08   1.2229186E-06   0.0000000E+00   5.3062181E-08
  3.36751020E+00   1.3804143E-06   0.0000000E+00   5.9711653E-08   1.2999073E-06   0.0000000E+00   5.6600797E-08
  3.56795903E+00   1.4649542E-06   0.0000000E+00   6.3589770E-08   1.3845654E-06   0.0000000E+00   6.0138448E-08
  3.78845274E+00   1.5579766E-06   0.0000000E+00   6.7463410E-08   1.4692044E-06   0.0000000E+00   6.4027097E-08
  4.03099583E+00   1.6603479E-06   0.0000000E+00   7.1724966E-08   1.5623442E-06   0.0000000E+00   6.7914714E-08
  4.27353891E+00   1.7626046E-06   0.0000000E+00   7.6414871E-08   1.6647569E-06   0.0000000E+00   7.2192783E-08
  4.54033630E+00   1.8751353E-06   0.0000000E+00   8.1098519E-08   1.7671497E-06   0.0000000E+00   7.6894994E-08
  4.83381344E+00   1.9989926E-06   0.0000000E+00   8.6252008E-08   1.8798438E-06   0.0000000E+00   8.1596155E-08
  5.12729057E+00   2.1226872E-06   0.0000000E+00   9.1924422E-08   2.0037764E-06   0.0000000E+00   8.6770370E-08
  5.45011541E+00   2.2588410E-06   0.0000000E+00   9.7586488E-08   2.1276908E-06   0.0000000E+00   9.2460882E-08
  5.77294026E+00   2.3948188E-06   0.0000000E+00   1.0381781E-07   2.2639290E-06   0.0000000E+00   9.8150372E-08
  6.12804759E+00   2.5445221E-06   0.0000000E+00   1.1003937E-07   2.4001480E-06   0.0000000E+00   1.0440335E-07
  6.48315492E+00   2.6940091E-06   0.0000000E+00   1.1688751E-07   2.5499647E-06   0.0000000E+00   1.1065546E-07
  6.87377298E+00   2.8585930E-06   0.0000000E+00   1.2372373E-07   2.6997561E-06   0.0000000E+00   1.1752657E-07
  7.30345285E+00   3.0398425E-06   0.0000000E+00   1.3124953E-07   2.8646864E-06   0.0000000E+00   1.2439681E-07
  7.73313272E+00   3.2207982E-06   0.0000000E+00   1.3953800E-07   3.0461477E-06   0.0000000E+00   1.3196215E-07
  8.20578058E+00   3.4201086E-06   0.0000000E+00   1.4781000E-07   3.2276348E-06   0.0000000E+00   1.4027585E-07
  8.72569322E+00   3.6397184E-06   0.0000000E+00   1.5691942E-07   3.4275478E-06   0.0000000E+00   1.4858944E-07
  9.29759713E+00   3.8816933E-06   0.0000000E+00   1.6695543E-07   3.6477749E-06   0.0000000E+00   1.5774733E-07
  9.86950103E+00   4.1231596E-06   0.0000000E+00   1.7801409E-07   3.8899233E-06   0.0000000E+00   1.6783708E-07
  1.04985953E+01   4.3892523E-06   0.0000000E+00   1.8904448E-07   4.1321062E-06   0.0000000E+00   1.7892228E-07
  1.11905991E+01   4.6825881E-06   0.0000000E+00   2.0119985E-07   4.3990966E-06   0.0000000E+00   1.9001057E-07
  1.19518032E+01   5.0060600E-06   0.0000000E+00   2.1460157E-07   4.6935336E-06   0.0000000E+00   2.0223812E-07
  1.27891277E+01   5.3628394E-06   0.0000000E+00   2.2938148E-07   5.0182397E-06   0.0000000E+00   2.1572462E-07
  1.37101846E+01   5.7564801E-06   0.0000000E+00   2.4568654E-07   5.3764494E-06   0.0000000E+00   2.3060306E-07
  1.47233473E+01   6.1910467E-06   0.0000000E+00   2.6368076E-07   5.7718192E-06   0.0000000E+00   2.4702378E-07
  1.57365099E+01   6.6242081E-06   0.0000000E+00   2.8354769E-07   6.2063770E-06   0.0000000E+00   2.6515547E-07
  1.68509889E+01   7.1025581E-06   0.0000000E+00   3.0333520E-07   6.6415866E-06   0.0000000E+00   2.8506917E-07
  1.80769157E+01   7.6311308E-06   0.0000000E+00   3.2519509E-07   7.1224383E-06   0.0000000E+00   3.0502004E-07
  1.94254352E+01   8.2154864E-06   0.0000000E+00   3.4936220E-07   7.6540305E-06   0.0000000E+00   3.2707894E-07
  2.07739547E+01   8.7973943E-06   0.0000000E+00   3.7609811E-07   8.2383058E-06   0.0000000E+00   3.5148584E-07
  2.22573261E+01   9.4411584E-06   0.0000000E+00   4.0270619E-07   8.8239595E-06   0.0000000E+00   3.7829407E-07
  2.37406975E+01   1.0082129E-05   0.0000000E+00   4.3216703E-07   9.4679874E-06   0.0000000E+00   4.0518894E-07
  2.52240690E+01   1.0720438E-05   0.0000000E+00   4.6147867E-07   1.0109485E-05   0.0000000E+00   4.3473751E-07
  2.68557776E+01   1.1427845E-05   0.0000000E+00   4.9064150E-07   1.0752665E-05   0.0000000E+00   4.6413923E-07
  2.86506570E+01   1.2212392E-05   0.0000000E+00   5.2300858E-07   1.1466003E-05   0.0000000E+00   4.9364455E-07
  3.04455365E+01   1.2993399E-05   0.0000000E+00   5.5896832E-07   1.2251029E-05   0.0000000E+00   5.2643260E-07
  3.24199039E+01   1.3860213E-05   0.0000000E+00   5.9472752E-07   1.3039338E-05   0.0000000E+00   5.6247353E-07
  3.45917080E+01   1.4823996E-05   0.0000000E+00   6.3446405E-07   1.3915297E-05   0.0000000E+00   5.9868609E-07
  3.69806925E+01   1.5897586E-05   0.0000000E+00   6.7869865E-07   1.4890188E-05   0.0000000E+00   6.3898248E-07
  3.96085755E+01   1.7095614E-05   0.0000000E+00   7.2799843E-07   1.5977452E-05   0.0000000E+00   6.8391343E-07
  4.24992468E+01   1.8434923E-05   0.0000000E+00   7.8304269E-07   1.7192838E-05   0.0000000E+00   7.3419793E-07
  4.56789853E+01   1.9936413E-05   0.0000000E+00   8.4462925E-07   1.8554981E-05   0.0000000E+00   7.9056705E-07
  4.91766975E+01   2.1624349E-05   0.0000000E+00   9.1370568E-07   2.0086387E-05   0.0000000E+00   8.5384506E-07
  5.26744098E+01   2.3303488E-05   0.0000000E+00   9.9140168E-07   2.1777365E-05   0.0000000E+00   9.2507711E-07
  5.61721221E+01   2.4975912E-05   0.0000000E+00   1.0682527E-06   2.3461773E-05   0.0000000E+00   1.0033351E-06
  6.00196056E+01   2.6865961E-05   0.0000000E+00   1.1443046E-06   2.5173344E-05   0.0000000E+00   1.0808132E-06
  6.42518374E+01   2.9010696E-05   0.0000000E+00   1.2301661E-06   2.7113105E-05   0.0000000E+00   1.1595091E-06
  6.84840693E+01   3.1147862E-05   0.0000000E+00   1.3274953E-06   2.9263809E-05   0.0000000E+00   1.2487680E-06
  7.27163011E+01   3.3279347E-05   0.0000000E+00   1.4235395E-06   3.1408553E-05   0.0000000E+00   1.3469750E-06
  7.73717562E+01   3.5712035E-05   0.0000000E+00   1.5183250E-06   3.3603420E-05   0.0000000E+00   1.4439432E-06
  8.24927567E+01   3.8506245E-05   0.0000000E+00   1.6263016E-06   3.6121766E-05   0.0000000E+00   1.5428863E-06
  8.76137572E+01   4.1296160E-05   0.0000000E+00   1.7500506E-06   3.8928582E-05   0.0000000E+00   1.6563500E-06
  9.32468578E+01   4.4527924E-05   0.0000000E+00   1.8716586E-06   4.1834446E-05   0.0000000E+00   1.7813379E-06
  9.94432685E+01   4.8312242E-05   0.0000000E+00   2.0120945E-06   4.5229123E-05   0.0000000E+00   1.9100280E-06
  1.06259320E+02   5.2817357E-05   0.0000000E+00   2.1758516E-06   4.9251243E-05   0.0000000E+00   2.0601754E-06
  1.13756977E+02   5.8304254E-05   0.0000000E+00   2.3693176E-06   5.4189730E-05   0.0000000E+00   2.2376605E-06
  1.22004400E+02   6.2353830E-05   0.0000000E+00   2.6788372E-06   5.7803196E-05   0.0000000E+00   2.5219255E-06
  1.30251822E+02   6.6382735E-05   0.0000000E+00   2.8304369E-06   6.1867529E-05   0.0000000E+00   2.6708880E-06
  1.39323987E+02   7.0994988E-05   0.0000000E+00   2.9895207E-06   6.5973946E-05   0.0000000E+00   2.8265514E-06
  1.48396152E+02   7.5574650E-05   0.0000000E+00   3.1553853E-06   7.0609527E-05   0.0000000E+00   2.9898268E-06
  1.58375533E+02   8.0856802E-05   0.0000000E+00   3.3294788E-06   7.5298525E-05   0.0000000E+00   3.1603893E-06
  1.68354915E+02   8.6079615E-05   0.0000000E+00   3.5109066E-06   8.0607588E-05   0.0000000E+00   3.3393246E-06
  1.78354915E+02   9.1244402E-05   0.0000000E+00   3.6869548E-06   8.5861210E-05   0.0000000E+00   3.5251255E-06
  1.88354915E+02   9.6317196E-05   0.0000000E+00   3.8578044E-06   9.1055309E-05   0.0000000E+00   3.7055884E-06
  1.98354915E+02   1.0128192E-04   0.0000000E+00   4.0232865E-06   9.6159780E-05   0.0000000E+00   3.8808049E-06
  2.08354915E+02   1.0612850E-04   0.0000000E+00   4.1827421E-06   1.0116333E-04   0.0000000E+00   4.0512001E-06
  2.18354915E+02   1.1084626E-04   0.0000000E+00   4.3371673E-06   1.0605314E-04   0.0000000E+00   4.2174242E-06
  2.28354915E+02   1.1542931E-04   0.0000000E+00   4.4877596E-06   1.1081719E-04   0.0000000E+00   4.3791202E-06
  2.38354915E+02   1.1987087E-04   0.0000000E+00   4.6339974E-06   1.1544702E-04   0.0000000E+00   4.5359108E-06
  2.48354915E+02   1.2416687E-04   0.0000000E+00   4.7749458E-06   1.1993613E-04   0.0000000E+00   4.6873418E-06
  2.58354915E+02   1.2831830E-04   0.0000000E+00   4.9111937E-06   1.2428174E-04   0.0000000E+00   4.8339797E-06
  2.68354915E+02   1.3232304E-04   0.0000000E+00   5.0439340E-06   1.2848238E-04   0.0000000E+00   4.9766006E-06
  2.78354915E+02   1.3618151E-04   0.0000000E+00   5.1728643E-06   1.3253722E-04   0.0000000E+00   5.1149563E-06
  2.88354915E+02   1.3989268E-04   0.0000000E+00   5.2979147E-06   1.3644505E-04   0.0000000E+00   5.2490118E-06
  2.98354915E+02   1.4346087E-04   0.0000000E+00   5.4191468E-06   1.4020592E-04   0.0000000E+00   5.3788539E-06
  3.08354915E+02   1.4688109E-04   0.0000000E+00   5.5366535E-06   1.4381997E-04   0.0000000E+00   5.5045979E-06
  3.18354915E+02   1.5016222E-04   0.0000000E+00   5.6510532E-06   1.4728131E-04   0.0000000E+00   5.6263631E-06
  3.28354915E+02   1.5275080E-04   0.0000000E+00   5.7689917E-06   1.5000654E-04   0.0000000E+00   5.7511065E-06
  3.38354915E+02   1.5524647E-04   0.0000000E+00   5.8595375E-06   1.5263564E-04   0.0000000E+00   5.8467851E-06
  3.48354915E+02   1.5765261E-04   0.0000000E+00   5.9476787E-06   1.5517066E-04   0.0000000E+00   5.9398403E-06
  3.58354915E+02   1.5997221E-04   0.0000000E+00   6.0334772E-06   1.5761431E-04   0.0000000E+00   6.0303412E-06
  3.68354915E+02   1.6220864E-04   0.0000000E+00   6.1169930E-06   1.5997155E-04   0.0000000E+00   6.1188726E-06
  3.78354915E+02   1.6436303E-04   0.0000000E+00   6.1982672E-06   1.6224476E-04   0.0000000E+00   6.2061603E-06
  3.88354915E+02   1.6644051E-04   0.0000000E+00   6.2773703E-06   1.6443682E-04   0.0000000E+00   6.2911707E-06
  3.98354915E+02   1.6844304E-04   0.0000000E+00   6.3543761E-06   1.6654936E-04   0.0000000E+00   6.3740069E-06
  4.08354915E+02   1.7037253E-04   0.0000000E+00   6.4293544E-06   1.6858664E-04   0.0000000E+00   6.4547039E-06
  4.18354915E+02   1.7222963E-04   0.0000000E+00   6.5023656E-06   1.7054974E-04   0.0000000E+00   6.5332989E-06
  4.28354915E+02   1.7401919E-04   0.0000000E+00   6.5734676E-06   1.7244212E-04   0.0000000E+00   6.6098515E-06
  4.38354915E+02   1.7574291E-04   0.0000000E+00   6.6427104E-06   1.7426651E-04   0.0000000E+00   6.6844138E-06
  4.48354915E+02   1.7740320E-04   0.0000000E+00   6.7101428E-06   1.7602417E-04   0.0000000E+00   6.7570367E-06
  4.58354915E+02   1.7899794E-04   0.0000000E+00   6.7758035E-06   1.7771574E-04   0.0000000E+00   6.8277617E-06
  4.68354915E+02   1.8053558E-04   0.0000000E+00   6.8397448E-06   1.7934597E-04   0.0000000E+00   6.8966435E-06
  4.78354915E+02   1.8201227E-04   0.0000000E+00   6.9019727E-06   1.8091452E-04   0.0000000E+00   6.9636918E-06
  4.88354915E+02   1.8343497E-04   0.0000000E+00   6.9625567E-06   1.8242704E-04   0.0000000E+00   7.0289771E-06
  4.98354915E+02   1.8480272E-04   0.0000000E+00   7.0214238E-06   1.8388225E-04   0.0000000E+00   7.0924321E-06
  5.08354915E+02   1.8611850E-04   0.0000000E+00   7.0787117E-06   1.8528194E-04   0.0000000E+00   7.1541930E-06
  5.18354915E+02   1.8738354E-04   0.0000000E+00   7.1345067E-06   1.8662771E-04   0.0000000E+00   7.2143470E-06
  5.28354915E+02   1.8859945E-04   0.0000000E+00   7.1888103E-06   1.8792210E-04   0.0000000E+00   7.2728993E-06
  5.38354915E+02   1.8976509E-04   0.0000000E+00   7.2416414E-06   1.8916614E-04   0.0000000E+00   7.3298718E-06
  5.48354915E+02   1.9088603E-04   0.0000000E+00   7.2930301E-06   1.9036223E-04   0.0000000E+00   7.3852976E-06
  5.58354915E+02   1.9196286E-04   0.0000000E+00   7.3430081E-06   1.9151067E-04   0.0000000E+00   7.4392109E-06
  5.68354915E+02   1.9299672E-04   0.0000000E+00   7.3916072E-06   1.9261253E-04   0.0000000E+00   7.4916462E-06
  5.78354915E+02   1.9398931E-04   0.0000000E+00   7.4388570E-06   1.9367004E-04   0.0000000E+00   7.5426328E-06
  5.88354915E+02   1.9493598E-04   0.0000000E+00   7.4819444E-06   1.9468414E-04   0.0000000E+00   7.5940524E-06
  5.98354915E+02   1.9584606E-04   0.0000000E+00   7.5238489E-06   1.9565823E-04   0.0000000E+00   7.6463495E-06
  6.08354915E+02   1.9671929E-04   0.0000000E+00   7.5659786E-06   1.9659217E-04   0.0000000E+00   7.6985117E-06
  6.18354915E+02   1.9755594E-04   0.0000000E+00   7.6075229E-06   1.9749014E-04   0.0000000E+00   7.7496997E-06
  6.28354915E+02   1.9835822E-04   0.0000000E+00   7.6480863E-06   1.9835085E-04   0.0000000E+00   7.7995092E-06
  6.38354915E+02   1.9912797E-04   0.0000000E+00   7.6875239E-06   1.9917585E-04   0.0000000E+00   7.8477998E-06
  6.48354915E+02   1.9986546E-04   0.0000000E+00   7.7257960E-06   1.9996499E-04   0.0000000E+00   7.8945426E-06
  6.58354915E+02   2.0057253E-04   0.0000000E+00   7.7630472E-06   2.0072011E-04   0.0000000E+00   7.9397522E-06
  6.68354915E+02   2.0124989E-04   0.0000000E+00   7.7992791E-06   2.0144281E-04   0.0000000E+00   7.9834572E-06
  6.78354915E+02   2.0189482E-04   0.0000000E+00   7.8343857E-06   2.0213472E-04   0.0000000E+00   8.0256900E-06
  6.88354915E+02   2.0251235E-04   0.0000000E+00   7.8683947E-06   2.0279820E-04   0.0000000E+00   8.0666021E-06
  6.98354915E+02   2.0310187E-04   0.0000000E+00   7.9013402E-06   2.0343354E-04   0.0000000E+00   8.1061825E-06
  7.08354915E+02   2.0366693E-04   0.0000000E+00   7.9332565E-06   2.0404174E-04   0.0000000E+00   8.1444226E-06
  7.18354915E+02   2.0420753E-04   0.0000000E+00   7.9641707E-06   2.0462295E-04   0.0000000E+00   8.1813616E-06
  7.28354915E+02   2.0472388E-04   0.0000000E+00   7.9941076E-06   2.0517836E-04   0.0000000E+00   8.2170360E-06
  7.38354915E+02   2.0521668E-04   0.0000000E+00   8.0230937E-06   2.0570930E-04   0.0000000E+00   8.2514838E-06
  7.48354915E+02   2.0568492E-04   0.0000000E+00   8.0511262E-06   2.0621512E-04   0.0000000E+00   8.2847119E-06
  7.58354915E+02   2.0613110E-04   0.0000000E+00   8.0782537E-06   2.0669812E-04   0.0000000E+00   8.3167741E-06
  7.68354915E+02   2.0655608E-04   0.0000000E+00   8.1045116E-06   2.0715812E-04   0.0000000E+00   8.3477134E-06
  7.78354915E+02   2.0696044E-04   0.0000000E+00   8.1299147E-06   2.0759576E-04   0.0000000E+00   8.3775540E-06
  7.88354915E+02   2.0734674E-04   0.0000000E+00   8.1544814E-06   2.0801121E-04   0.0000000E+00   8.4063911E-06
  7.98354915E+02   2.0771421E-04   0.0000000E+00   8.1782319E-06   2.0840519E-04   0.0000000E+00   8.4346575E-06
  8.08354915E+02   2.0806302E-04   0.0000000E+00   8.2011860E-06   2.0877891E-04   0.0000000E+00   8.4619188E-06
  8.18354915E+02   2.0839210E-04   0.0000000E+00   8.2233517E-06   2.0913287E-04   0.0000000E+00   8.4881911E-06
  8.28354915E+02   2.0870408E-04   0.0000000E+00   8.2447491E-06   2.0947066E-04   0.0000000E+00   8.5135022E-06
  8.38354915E+02   2.0899919E-04   0.0000000E+00   8.2654055E-06   2.0979181E-04   0.0000000E+00   8.5378870E-06
  8.48354915E+02   2.0927778E-04   0.0000000E+00   8.2853423E-06   2.1009571E-04   0.0000000E+00   8.5613745E-06
  8.58354915E+02   2.0954025E-04   0.0000000E+00   8.3045767E-06   2.1038414E-04   0.0000000E+00   8.5839887E-06
  8.68354915E+02   2.0978715E-04   0.0000000E+00   8.3231243E-06   2.1065617E-04   0.0000000E+00   8.6057517E-06
  8.78354915E+02   2.1001949E-04   0.0000000E+00   8.3410013E-06   2.1091222E-04   0.0000000E+00   8.6266803E-06
  8.88354915E+02   2.1023810E-04   0.0000000E+00   8.3582242E-06   2.1115272E-04   0.0000000E+00   8.6467727E-06
  8.98354915E+02   2.1044469E-04   0.0000000E+00   8.3748084E-06   2.1137814E-04   0.0000000E+00   8.6660400E-06
  9.08354915E+02   2.1063701E-04   0.0000000E+00   8.3906880E-06   2.1158882E-04   0.0000000E+00   8.6844164E-06
  9.18354915E+02   2.1081793E-04   0.0000000E+00   8.4059449E-06   2.1178669E-04   0.0000000E+00   8.7019913E-06
  9.28354915E+02   2.1098795E-04   0.0000000E+00   8.4206269E-06   2.1197171E-04   0.0000000E+00   8.7188186E-06
  9.38354915E+02   2.1114615E-04   0.0000000E+00   8.4347291E-06   2.1214502E-04   0.0000000E+00   8.7348967E-06
  9.48354915E+02   2.1128654E-04   0.0000000E+00   8.4482532E-06   2.1230568E-04   0.0000000E+00   8.7502309E-06
  9.58354915E+02   2.1141836E-04   0.0000000E+00   8.4612116E-06   2.1245890E-04   0.0000000E+00   8.7648371E-06
  9.68354915E+02   2.1153822E-04   0.0000000E+00   8.4736127E-06   2.1260177E-04   0.0000000E+00   8.7787276E-06
  9.78354915E+02   2.1164739E-04   0.0000000E+00   8.4849951E-06   2.1273630E-04   0.0000000E+00   8.7914171E-06
  9.88354915E+02   2.1174713E-04   0.0000000E+00   8.4958217E-06   2.1286085E-04   0.0000000E+00   8.8033900E-06
  9.98354915E+02   2.1183709E-04   0.0000000E+00   8.5062978E-06   2.1297481E-04   0.0000000E+00   8.8148661E-06
  1.00835491E+03   2.1191751E-04   0.0000000E+00   8.5163106E-06   2.1307795E-04   0.0000000E+00   8.8257347E-06
  1.01835491E+03   2.1198648E-04   0.0000000E+00   8.5258186E-06   2.1317051E-04   0.0000000E+00   8.8359575E-06
  1.02835491E+03   2.1204602E-04   0.0000000E+00   8.5347899E-06   2.1325370E-04   0.0000000E+00   8.8455037E-06
  1.03835491E+03   2.1209744E-04   0.0000000E+00   8.5432469E-06   2.1332729E-04   0.0000000E+00   8.8543990E-06
  1.04835491E+03   2.1213930E-04   0.0000000E+00   8.5512044E-06   2.1339328E-04   0.0000000E+00   8.8626611E-06
  1.05835491E+03   2.1217377E-04   0.0000000E+00   8.5586659E-06   2.1344967E-04   0.0000000E+00   8.8702961E-06
  1.06835491E+03   2.1220053E-04   0.0000000E+00   8.5656392E-06   2.1349657E-04   0.0000000E+00   8.8773145E-06
  1.07835491E+03   2.1221454E-04   0.0000000E+00   8.5721228E-06   2.1353301E-04   0.0000000E+00   8.8837172E-06
  1.08835491E+03   2.1222260E-04   0.0000000E+00   8.5781342E-06   2.1356186E-04   0.0000000E+00   8.8895246E-06
  1.09835491E+03   2.1222367E-04   0.0000000E+00   8.5836862E-06   2.1358184E-04   0.0000000E+00   8.8947524E-06
  1.10835491E+03   2.1221725E-04   0.0000000E+00   8.5887836E-06   2.1359233E-04   0.0000000E+00   8.8994080E-06
  1.11835491E+03   2.1220329E-04   0.0000000E+00   8.5934349E-06   2.1359321E-04   0.0000000E+00   8.9035026E-06
  1.12835491E+03   2.1218184E-04   0.0000000E+00   8.5976508E-06   2.1358454E-04   0.0000000E+00   8.9070498E-06
  1.13835491E+03   2.1215303E-04   0.0000000E+00   8.6014419E-06   2.1356842E-04   0.0000000E+00   8.9100629E-06
  1.14835491E+03   2.1211692E-04   0.0000000E+00   8.6048168E-06   2.1354398E-04   0.0000000E+00   8.9125530E-06
  1.15835491E+03   2.1206961E-04   0.0000000E+00   8.6077846E-06   2.1351137E-04   0.0000000E+00   8.9145319E-06
  1.16835491E+03   2.1201732E-04   0.0000000E+00   8.6103601E-06   2.1347277E-04   0.0000000E+00   8.9160177E-06
  1.17835491E+03   2.1195958E-04   0.0000000E+00   8.6125548E-06   2.1342741E-04   0.0000000E+00   8.9170251E-06
  1.18835491E+03   2.1189737E-04   0.0000000E+00   8.6143793E-06   2.1337487E-04   0.0000000E+00   8.9175678E-06
  1.19835491E+03   2.1183084E-04   0.0000000E+00   8.6158438E-06   2.1331515E-04   0.0000000E+00   8.9176593E-06
  1.20835491E+03   2.1175926E-04   0.0000000E+00   8.6169555E-06   2.1324884E-04   0.0000000E+00   8.9184665E-06
  1.21835491E+03   2.1168351E-04   0.0000000E+00   8.6177248E-06   2.1317655E-04   0.0000000E+00   8.9189878E-06
  1.22835491E+03   2.1160398E-04   0.0000000E+00   8.6181599E-06   2.1309882E-04   0.0000000E+00   8.9191100E-06
  1.23835491E+03   2.1152052E-04   0.0000000E+00   8.6182608E-06   2.1301622E-04   0.0000000E+00   8.9193944E-06
  1.24835491E+03   2.1143274E-04   0.0000000E+00   8.6180124E-06   2.1293070E-04   0.0000000E+00   8.9195592E-06
  1.25835491E+03   2.1134073E-04   0.0000000E+00   8.6174239E-06   2.1284099E-04   0.0000000E+00   8.9193446E-06
  1.26835491E+03   2.1124452E-04   0.0000000E+00   8.6165167E-06   2.1274796E-04   0.0000000E+00   8.9187714E-06
  1.27835491E+03   2.1114426E-04   0.0000000E+00   8.6153132E-06   2.1265144E-04   0.0000000E+00   8.9178514E-06
  1.28835491E+03   2.1104027E-04   0.0000000E+00   8.6138309E-06   2.1255094E-04   0.0000000E+00   8.9165943E-06
  1.29835491E+03   2.1093302E-04   0.0000000E+00   8.6122443E-06   2.1244642E-04   0.0000000E+00   8.9150123E-06
  1.30835491E+03   2.1082107E-04   0.0000000E+00   8.6110928E-06   2.1233827E-04   0.0000000E+00   8.9130622E-06
  1.31835491E+03   2.1070714E-04   0.0000000E+00   8.6097114E-06   2.1222743E-04   0.0000000E+00   8.9108029E-06
  1.32835491E+03   2.1059179E-04   0.0000000E+00   8.6081170E-06   2.1211404E-04   0.0000000E+00   8.9082529E-06
  1.33835491E+03   2.1047249E-04   0.0000000E+00   8.6067711E-06   2.1199765E-04   0.0000000E+00   8.9054218E-06
  1.34835491E+03   2.1035208E-04   0.0000000E+00   8.6052416E-06   2.1188014E-04   0.0000000E+00   8.9023248E-06
  1.35835491E+03   2.1023011E-04   0.0000000E+00   8.6035300E-06   2.1176411E-04   0.0000000E+00   8.8989657E-06
  1.36835491E+03   2.1010678E-04   0.0000000E+00   8.6016395E-06   2.1164621E-04   0.0000000E+00   8.8953497E-06
  1.37835491E+03   2.0998110E-04   0.0000000E+00   8.5995750E-06   2.1152651E-04   0.0000000E+00   8.8914837E-06
  1.38835491E+03   2.0985090E-04   0.0000000E+00   8.5973343E-06   2.1140402E-04   0.0000000E+00   8.8873668E-06
  1.39835491E+03   2.0971903E-04   0.0000000E+00   8.5949260E-06   2.1127964E-04   0.0000000E+00   8.8830097E-06
  1.40835491E+03   2.0958510E-04   0.0000000E+00   8.5923581E-06   2.1115374E-04   0.0000000E+00   8.8784227E-06
  1.41835491E+03   2.0944887E-04   0.0000000E+00   8.5896339E-06   2.1102506E-04   0.0000000E+00   8.8736107E-06
  1.42835491E+03   2.0931044E-04   0.0000000E+00   8.5867568E-06   2.1089344E-04   0.0000000E+00   8.8686367E-06
  1.43835491E+03   2.0917121E-04   0.0000000E+00   8.5837304E-06   2.1075897E-04   0.0000000E+00   8.8648891E-06
  1.44835491E+03   2.0902993E-04   0.0000000E+00   8.5805583E-06   2.1062143E-04   0.0000000E+00   8.8609339E-06
  1.45835491E+03   2.0888661E-04   0.0000000E+00   8.5772443E-06   2.1048086E-04   0.0000000E+00   8.8567764E-06
  1.46835491E+03   2.0874125E-04   0.0000000E+00   8.5737918E-06   2.1033758E-04   0.0000000E+00   8.8529927E-06
  1.47835491E+03   2.0859457E-04   0.0000000E+00   8.5702033E-06   2.1019145E-04   0.0000000E+00   8.8491517E-06
  1.48835491E+03   2.0844702E-04   0.0000000E+00   8.5664821E-06   2.1004250E-04   0.0000000E+00   8.8451225E-06
  1.49835491E+03   2.0829778E-04   0.0000000E+00   8.5626313E-06   2.0989135E-04   0.0000000E+00   8.8409092E-06
  1.50835491E+03   2.0814686E-04   0.0000000E+00   8.5586536E-06   2.0973903E-04   0.0000000E+00   8.8365158E-06
  1.51835491E+03   2.0799428E-04   0.0000000E+00   8.5545527E-06   2.0958435E-04   0.0000000E+00   8.8319471E-06
  1.52835491E+03   2.0784007E-04   0.0000000E+00   8.5503309E-06   2.0942830E-04   0.0000000E+00   8.8272070E-06
  1.53835491E+03   2.0768431E-04   0.0000000E+00   8.5459923E-06   2.0927201E-04   0.0000000E+00   8.8223007E-06
  1.54835491E+03   2.0752371E-04   0.0000000E+00   8.5415404E-06   2.0911463E-04   0.0000000E+00   8.8172330E-06
  1.55835491E+03   2.0736330E-04   0.0000000E+00   8.5369804E-06   2.0895751E-04   0.0000000E+00   8.8120103E-06
  1.56835491E+03   2.0720030E-04   0.0000000E+00   8.5323148E-06   2.0880032E-04   0.0000000E+00   8.8066360E-06
  1.57835491E+03   2.0703727E-04   0.0000000E+00   8.5275466E-06   2.0864313E-04   0.0000000E+00   8.8011140E-06
  1.58835491E+03   2.0687348E-04   0.0000000E+00   8.5226792E-06   2.0848472E-04   0.0000000E+00   8.7954484E-06
  1.59835491E+03   2.0670753E-04   0.0000000E+00   8.5177145E-06   2.0832747E-04   0.0000000E+00   8.7896417E-06
  1.60835491E+03   2.0653632E-04   0.0000000E+00   8.5124717E-06   2.0816859E-04   0.0000000E+00   8.7835182E-06
  1.61835491E+03   2.0636647E-04   0.0000000E+00   8.5071212E-06   2.0801077E-04   0.0000000E+00   8.7772451E-06
  1.62835491E+03   2.0619736E-04   0.0000000E+00   8.5017450E-06   2.0785250E-04   0.0000000E+00   8.7709036E-06
  1.63835491E+03   2.0602817E-04   0.0000000E+00   8.4962936E-06   2.0769291E-04   0.0000000E+00   8.7644461E-06
  1.64835491E+03   2.0585823E-04   0.0000000E+00   8.4907460E-06   2.0753163E-04   0.0000000E+00   8.7578530E-06
  1.65835491E+03   2.0568548E-04   0.0000000E+00   8.4850842E-06   2.0736915E-04   0.0000000E+00   8.7511072E-06
  1.66835491E+03   2.0551276E-04   0.0000000E+00   8.4793174E-06   2.0720591E-04   0.0000000E+00   8.7442191E-06
  1.67835491E+03   2.0534017E-04   0.0000000E+00   8.4734525E-06   2.0704168E-04   0.0000000E+00   8.7371959E-06
  1.68835491E+03   2.0516786E-04   0.0000000E+00   8.4674881E-06   2.0687644E-04   0.0000000E+00   8.7300376E-06
  1.69835491E+03   2.0499497E-04   0.0000000E+00   8.4614242E-06   2.0670953E-04   0.0000000E+00   8.7227448E-06
  1.70835491E+03   2.0481977E-04   0.0000000E+00   8.4552273E-06   2.0654168E-04   0.0000000E+00   8.7152859E-06
  1.71835491E+03   2.0464449E-04   0.0000000E+00   8.4489293E-06   2.0637332E-04   0.0000000E+00   8.7076930E-06
  1.72835491E+03   2.0446874E-04   0.0000000E+00   8.4425463E-06   2.0620450E-04   0.0000000E+00   8.6999828E-06
  1.73835491E+03   2.0429285E-04   0.0000000E+00   8.4360722E-06   2.0603482E-04   0.0000000E+00   8.6921503E-06
  1.74835491E+03   2.0411635E-04   0.0000000E+00   8.4295040E-06   2.0586401E-04   0.0000000E+00   8.6841935E-06
  1.75835491E+03   2.0393918E-04   0.0000000E+00   8.4228418E-06   2.0569178E-04   0.0000000E+00   8.6761137E-06
  1.76835491E+03   2.0375685E-04   0.0000000E+00   8.4160869E-06   2.0551804E-04   0.0000000E+00   8.6679129E-06
  1.77835491E+03   2.0357571E-04   0.0000000E+00   8.4092435E-06   2.0534525E-04   0.0000000E+00   8.6595963E-06
  1.78835491E+03   2.0339248E-04   0.0000000E+00   8.4023099E-06   2.0517238E-04   0.0000000E+00   8.6511633E-06
  1.79835491E+03   2.0320969E-04   0.0000000E+00   8.3952912E-06   2.0499930E-04   0.0000000E+00   8.6426198E-06
  1.80835491E+03   2.0302661E-04   0.0000000E+00   8.3881901E-06   2.0482499E-04   0.0000000E+00   8.6339693E-06
  1.81835491E+03   2.0284289E-04   0.0000000E+00   8.3810077E-06   2.0464890E-04   0.0000000E+00   8.6252142E-06
  1.82835491E+03   2.0265838E-04   0.0000000E+00   8.3737453E-06   2.0447122E-04   0.0000000E+00   8.6163565E-06
  1.83835491E+03   2.0246978E-04   0.0000000E+00   8.3664030E-06   2.0429074E-04   0.0000000E+00   8.6073976E-06
  1.84835491E+03   2.0228179E-04   0.0000000E+00   8.3589858E-06   2.0410965E-04   0.0000000E+00   8.5983430E-06
  1.85835491E+03   2.0209360E-04   0.0000000E+00   8.3514971E-06   2.0392706E-04   0.0000000E+00   8.5891973E-06
  1.86835491E+03   2.0190481E-04   0.0000000E+00   8.3439379E-06   2.0374251E-04   0.0000000E+00   8.5799625E-06
  1.87835491E+03   2.0171525E-04   0.0000000E+00   8.3363096E-06   2.0355624E-04   0.0000000E+00   8.5706407E-06
  1.88835491E+03   2.0152560E-04   0.0000000E+00   8.3286145E-06   2.0336803E-04   0.0000000E+00   8.5612350E-06
  1.89835491E+03   2.0133575E-04   0.0000000E+00   8.3208544E-06   2.0317841E-04   0.0000000E+00   8.5517480E-06
  1.90835491E+03   2.0114526E-04   0.0000000E+00   8.3130310E-06   2.0298698E-04   0.0000000E+00   8.5421817E-06
  1.91835491E+03   2.0095231E-04   0.0000000E+00   8.3034438E-06   2.0279356E-04   0.0000000E+00   8.5321837E-06
  1.92835491E+03   2.0075977E-04   0.0000000E+00   8.2938357E-06   2.0259960E-04   0.0000000E+00   8.5226627E-06
  1.93835491E+03   2.0056838E-04   0.0000000E+00   8.2849990E-06   2.0240592E-04   0.0000000E+00   8.5137206E-06
  1.94835491E+03   2.0037715E-04   0.0000000E+00   8.2764263E-06   2.0221124E-04   0.0000000E+00   8.5049022E-06
  1.95835491E+03   2.0018569E-04   0.0000000E+00   8.2678742E-06   2.0201629E-04   0.0000000E+00   8.4959920E-06
  1.96835491E+03   1.9999393E-04   0.0000000E+00   8.2592521E-06   2.0182201E-04   0.0000000E+00   8.4869135E-06
  1.97835491E+03   1.9980200E-04   0.0000000E+00   8.2505329E-06   2.0162822E-04   0.0000000E+00   8.4776480E-06
  1.98835491E+03   1.9961066E-04   0.0000000E+00   8.2417107E-06   2.0143437E-04   0.0000000E+00   8.4681956E-06
  1.99835491E+03   1.9941913E-04   0.0000000E+00   8.2327847E-06   2.0123990E-04   0.0000000E+00   8.4585614E-06
  2.00835491E+03   1.9922902E-04   0.0000000E+00   8.2237571E-06   2.0104684E-04   0.0000000E+00   8.4487524E-06
  2.01835491E+03   1.9903969E-04   0.0000000E+00   8.2146307E-06   2.0085470E-04   0.0000000E+00   8.4387764E-06
  2.02835491E+03   1.9885069E-04   0.0000000E+00   8.2054084E-06   2.0066401E-04   0.0000000E+00   8.4286405E-06
  2.03835491E+03   1.9865967E-04   0.0000000E+00   8.1960845E-06   2.0047535E-04   0.0000000E+00   8.4183436E-06
  2.04835491E+03   1.9846957E-04   0.0000000E+00   8.1866687E-06   2.0028798E-04   0.0000000E+00   8.4078990E-06
  2.05835491E+03   1.9827996E-04   0.0000000E+00   8.1771677E-06   2.0010162E-04   0.0000000E+00   8.3973170E-06
  2.06835491E+03   1.9809060E-04   0.0000000E+00   8.1675831E-06   1.9991559E-04   0.0000000E+00   8.3866028E-06
  2.07835491E+03   1.9790141E-04   0.0000000E+00   8.1579156E-06   1.9972983E-04   0.0000000E+00   8.3757605E-06
  2.08835491E+03   1.9771261E-04   0.0000000E+00   8.1481682E-06   1.9954410E-04   0.0000000E+00   8.3647962E-06
  2.09835491E+03   1.9752399E-04   0.0000000E+00   8.1383438E-06   1.9935835E-04   0.0000000E+00   8.3537160E-06
  2.10835491E+03   1.9733555E-04   0.0000000E+00   8.1284459E-06   1.9917251E-04   0.0000000E+00   8.3425262E-06
  2.11835491E+03   1.9714535E-04   0.0000000E+00   8.1184520E-06   1.9898745E-04   0.0000000E+00   8.3312079E-06
  2.12835491E+03   1.9695608E-04   0.0000000E+00   8.1083878E-06   1.9880354E-04   0.0000000E+00   8.3197884E-06
  2.13835491E+03   1.9676764E-04   0.0000000E+00   8.0982668E-06   1.9862022E-04   0.0000000E+00   8.3082832E-06
  2.14835491E+03   1.9657999E-04   0.0000000E+00   8.0880849E-06   1.9843713E-04   0.0000000E+00   8.2966909E-06
  2.15835491E+03   1.9639363E-04   0.0000000E+00   8.0778408E-06   1.9825409E-04   0.0000000E+00   8.2850124E-06
  2.16835491E+03   1.9620815E-04   0.0000000E+00   8.0675366E-06   1.9807098E-04   0.0000000E+00   8.2732521E-06
  2.17835491E+03   1.9602308E-04   0.0000000E+00   8.0571754E-06   1.9788775E-04   0.0000000E+00   8.2614147E-06
  2.18835491E+03   1.9583862E-04   0.0000000E+00   8.0467595E-06   1.9770433E-04   0.0000000E+00   8.2495046E-06
  2.19835491E+03   1.9565476E-04   0.0000000E+00   8.0362912E-06   1.9752081E-04   0.0000000E+00   8.2375257E-06
  2.20835491E+03   1.9547190E-04   0.0000000E+00   8.0257721E-06   1.9733762E-04   0.0000000E+00   8.2254812E-06
  2.21835491E+03   1.9528948E-04   0.0000000E+00   8.0150988E-06   1.9715535E-04   0.0000000E+00   8.2132742E-06
  2.22835491E+03   1.9510828E-04   0.0000000E+00   8.0043684E-06   1.9697405E-04   0.0000000E+00   8.2009980E-06
  2.23835491E+03   1.9492818E-04   0.0000000E+00   7.9936289E-06   1.9679370E-04   0.0000000E+00   8.1886998E-06
  2.24835491E+03   1.9474873E-04   0.0000000E+00   7.9828557E-06   1.9661515E-04   0.0000000E+00   8.1763577E-06
  2.25835491E+03   1.9456979E-04   0.0000000E+00   7.9720388E-06   1.9643715E-04   0.0000000E+00   8.1639637E-06
  2.26835491E+03   1.9439154E-04   0.0000000E+00   7.9611755E-06   1.9625926E-04   0.0000000E+00   8.1515166E-06
  2.27835491E+03   1.9421424E-04   0.0000000E+00   7.9502663E-06   1.9608143E-04   0.0000000E+00   8.1390179E-06
  2.28835491E+03   1.9403279E-04   0.0000000E+00   7.9393085E-06   1.9590599E-04   0.0000000E+00   8.1264663E-06
  2.29835491E+03   1.9385389E-04   0.0000000E+00   7.9283069E-06   1.9573301E-04   0.0000000E+00   8.1138676E-06
  2.30835491E+03   1.9367625E-04   0.0000000E+00   7.9172655E-06   1.9556069E-04   0.0000000E+00   8.1012266E-06
  2.31835491E+03   1.9349919E-04   0.0000000E+00   7.9061850E-06   1.9538808E-04   0.0000000E+00   8.0885450E-06
  2.32835491E+03   1.9332156E-04   0.0000000E+00   7.8950600E-06   1.9521843E-04   0.0000000E+00   8.0758179E-06
  2.33835491E+03   1.9314482E-04   0.0000000E+00   7.8838974E-06   1.9504908E-04   0.0000000E+00   8.0630520E-06
  2.34835491E+03   1.9296862E-04   0.0000000E+00   7.8727059E-06   1.9487935E-04   0.0000000E+00   8.0502558E-06
  2.35835491E+03   1.9279276E-04   0.0000000E+00   7.8614883E-06   1.9470900E-04   0.0000000E+00   8.0374328E-06
  2.36835491E+03   1.9261715E-04   0.0000000E+00   7.8502454E-06   1.9453794E-04   0.0000000E+00   8.0245848E-06
  2.37835491E+03   1.9243809E-04   0.0000000E+00   7.8389755E-06   1.9436552E-04   0.0000000E+00   8.0117112E-06
  2.38835491E+03   1.9226095E-04   0.0000000E+00   7.8276802E-06   1.9419414E-04   0.0000000E+00   7.9988146E-06
  2.39835491E+03   1.9208473E-04   0.0000000E+00   7.8163602E-06   1.9402274E-04   0.0000000E+00   7.9858965E-06
  2.40835491E+03   1.9190885E-04   0.0000000E+00   7.8050173E-06   1.9385124E-04   0.0000000E+00   7.9729595E-06
  2.41835491E+03   1.9173309E-04   0.0000000E+00   7.7936535E-06   1.9367919E-04   0.0000000E+00   7.9600063E-06
  2.42835491E+03   1.9155744E-04   0.0000000E+00   7.7822700E-06   1.9350658E-04   0.0000000E+00   7.9470388E-06
  2.43835491E+03   1.9138185E-04   0.0000000E+00   7.7708677E-06   1.9333329E-04   0.0000000E+00   7.9340587E-06
  2.44835491E+03   1.9120631E-04   0.0000000E+00   7.7594466E-06   1.9315959E-04   0.0000000E+00   7.9210668E-06
  2.45835491E+03   1.9103083E-04   0.0000000E+00   7.7480078E-06   1.9298532E-04   0.0000000E+00   7.9080647E-06
  2.46835491E+03   1.9085542E-04   0.0000000E+00   7.7365523E-06   1.9281064E-04   0.0000000E+00   7.8950542E-06
  2.47835491E+03   1.9068011E-04   0.0000000E+00   7.7250812E-06   1.9263563E-04   0.0000000E+00   7.8820373E-06
  2.48835491E+03   1.9050526E-04   0.0000000E+00   7.7135955E-06   1.9246022E-04   0.0000000E+00   7.8690154E-06
  2.49835491E+03   1.9032820E-04   0.0000000E+00   7.7020884E-06   1.9228534E-04   0.0000000E+00   7.8559849E-06
  2.50835491E+03   1.9015235E-04   0.0000000E+00   7.6905668E-06   1.9211159E-04   0.0000000E+00   7.8429536E-06
  2.51835491E+03   1.8997716E-04   0.0000000E+00   7.6790333E-06   1.9193828E-04   0.0000000E+00   7.8299252E-06
  2.52835491E+03   1.8980232E-04   0.0000000E+00   7.6674874E-06   1.9176501E-04   0.0000000E+00   7.8168998E-06
  2.53835491E+03   1.8962771E-04   0.0000000E+00   7.6559292E-06   1.9159158E-04   0.0000000E+00   7.8038787E-06
  2.54835491E+03   1.8945345E-04   0.0000000E+00   7.6443595E-06   1.9141790E-04   0.0000000E+00   7.7908635E-06
  2.55835491E+03   1.8927598E-04   0.0000000E+00   7.6327767E-06   1.9124297E-04   0.0000000E+00   7.7778534E-06
  2.56835491E+03   1.8910030E-04   0.0000000E+00   7.6211828E-06   1.9106970E-04   0.0000000E+00   7.7648509E-06
  2.57835491E+03   1.8892347E-04   0.0000000E+00   7.6095607E-06   1.9089755E-04   0.0000000E+00   7.7518400E-06
  2.58835491E+03   1.8874782E-04   0.0000000E+00   7.5979262E-06   1.9072635E-04   0.0000000E+00   7.7388359E-06
  2.59835491E+03   1.8856822E-04   0.0000000E+00   7.5862855E-06   1.9055578E-04   0.0000000E+00   7.7258446E-06
  2.60835491E+03   1.8839091E-04   0.0000000E+00   7.5746370E-06   1.9038748E-04   0.0000000E+00   7.7128647E-06
  2.61835491E+03   1.8821468E-04   0.0000000E+00   7.5629797E-06   1.9022066E-04   0.0000000E+00   7.7000350E-06
  2.62835491E+03   1.8803885E-04   0.0000000E+00   7.5513097E-06   1.9005359E-04   0.0000000E+00   7.6872805E-06
  2.63835491E+03   1.8786309E-04   0.0000000E+00   7.5396306E-06   1.8988577E-04   0.0000000E+00   7.6745351E-06
  2.64835491E+03   1.8768732E-04   0.0000000E+00   7.5279490E-06   1.8971697E-04   0.0000000E+00   7.6618046E-06
  2.65835491E+03   1.8751149E-04   0.0000000E+00   7.5162703E-06   1.8954710E-04   0.0000000E+00   7.6490934E-06
  2.66835491E+03   1.8733557E-04   0.0000000E+00   7.5045978E-06   1.8937624E-04   0.0000000E+00   7.6364045E-06
  2.67835491E+03   1.8715955E-04   0.0000000E+00   7.4929352E-06   1.8920432E-04   0.0000000E+00   7.6237409E-06
  2.68835491E+03   1.8698343E-04   0.0000000E+00   7.4812853E-06   1.8903126E-04   0.0000000E+00   7.6111049E-06
  2.69835491E+03   1.8680721E-04   0.0000000E+00   7.4696501E-06   1.8885706E-04   0.0000000E+00   7.5984983E-06
  2.70835491E+03   1.8663089E-04   0.0000000E+00   7.4580324E-06   1.8868250E-04   0.0000000E+00   7.5859234E-06
  2.71835491E+03   1.8645450E-04   0.0000000E+00   7.4464331E-06   1.8850706E-04   0.0000000E+00   7.5733810E-06
  2.72835491E+03   1.8627809E-04   0.0000000E+00   7.4348539E-06   1.8833076E-04   0.0000000E+00   7.5608724E-06
  2.73835491E+03   1.8610167E-04   0.0000000E+00   7.4232955E-06   1.8815363E-04   0.0000000E+00   7.5483981E-06
  2.74835491E+03   1.8592528E-04   0.0000000E+00   7.4117588E-06   1.8797571E-04   0.0000000E+00   7.5359589E-06
  2.75835491E+03   1.8574893E-04   0.0000000E+00   7.4002450E-06   1.8779702E-04   0.0000000E+00   7.5235558E-06
  2.76835491E+03   1.8557265E-04   0.0000000E+00   7.3887551E-06   1.8761763E-04   0.0000000E+00   7.5111896E-06
  2.77835491E+03   1.8539658E-04   0.0000000E+00   7.3772895E-06   1.8743756E-04   0.0000000E+00   7.4988605E-06
  2.78835491E+03   1.8522113E-04   0.0000000E+00   7.3658487E-06   1.8725734E-04   0.0000000E+00   7.4865689E-06
  2.79835491E+03   1.8504590E-04   0.0000000E+00   7.3544330E-06   1.8707662E-04   0.0000000E+00   7.4743151E-06
  2.80835491E+03   1.8487089E-04   0.0000000E+00   7.3430429E-06   1.8689547E-04   0.0000000E+00   7.4620994E-06
  2.81835491E+03   1.8469611E-04   0.0000000E+00   7.3316786E-06   1.8671390E-04   0.0000000E+00   7.4499219E-06
  2.82835491E+03   1.8451977E-04   0.0000000E+00   7.3202743E-06   1.8653314E-04   0.0000000E+00   7.4377208E-06
  2.83835491E+03   1.8434509E-04   0.0000000E+00   7.3088904E-06   1.8635486E-04   0.0000000E+00   7.4255487E-06
  2.84835491E+03   1.8417123E-04   0.0000000E+00   7.2975564E-06   1.8617766E-04   0.0000000E+00   7.4134306E-06
  2.85835491E+03   1.8399797E-04   0.0000000E+00   7.2862542E-06   1.8600105E-04   0.0000000E+00   7.4013482E-06
  2.86835491E+03   1.8382567E-04   0.0000000E+00   7.2749749E-06   1.8582488E-04   0.0000000E+00   7.3892922E-06
  2.87835491E+03   1.8365457E-04   0.0000000E+00   7.2637155E-06   1.8564913E-04   0.0000000E+00   7.3772588E-06
  2.88835491E+03   1.8348401E-04   0.0000000E+00   7.2524747E-06   1.8547421E-04   0.0000000E+00   7.3652464E-06
  2.89835491E+03   1.8331395E-04   0.0000000E+00   7.2412525E-06   1.8530051E-04   0.0000000E+00   7.3532543E-06
  2.90835491E+03   1.8314466E-04   0.0000000E+00   7.2300482E-06   1.8513015E-04   0.0000000E+00   7.3412818E-06
  2.91835491E+03   1.8297657E-04   0.0000000E+00   7.2188618E-06   1.8496034E-04   0.0000000E+00   7.3293286E-06
  2.92835491E+03   1.8281083E-04   0.0000000E+00   7.2076932E-06   1.8479097E-04   0.0000000E+00   7.3173945E-06
  2.93835491E+03   1.8264598E-04   0.0000000E+00   7.1965417E-06   1.8462326E-04   0.0000000E+00   7.3054789E-06
  2.94835491E+03   1.8248179E-04   0.0000000E+00   7.1854074E-06   1.8445861E-04   0.0000000E+00   7.2935820E-06
  2.95835491E+03   1.8231840E-04   0.0000000E+00   7.1747320E-06   1.8429466E-04   0.0000000E+00   7.2817032E-06
  2.96835491E+03   1.8215559E-04   0.0000000E+00   7.1641424E-06   1.8413131E-04   0.0000000E+00   7.2698428E-06
  2.97835491E+03   1.8199003E-04   0.0000000E+00   7.1535711E-06   1.8396787E-04   0.0000000E+00   7.2581105E-06
  2.98835491E+03   1.8182460E-04   0.0000000E+00   7.1422633E-06   1.8380788E-04   0.0000000E+00   7.2468303E-06
  2.99835491E+03   1.8166127E-04   0.0000000E+00   7.1309473E-06   1.8365016E-04   0.0000000E+00   7.2358980E-06
  3.00835491E+03   1.8149905E-04   0.0000000E+00   7.1199705E-06   1.8349387E-04   0.0000000E+00   7.2252840E-06
  3.01835491E+03   1.8133752E-04   0.0000000E+00   7.1091230E-06   1.8333825E-04   0.0000000E+00   7.2147669E-06
  3.02835491E+03   1.8117649E-04   0.0000000E+00   7.0983026E-06   1.8318300E-04   0.0000000E+00   7.2042401E-06
  3.03835491E+03   1.8101587E-04   0.0000000E+00   7.0874715E-06   1.8302796E-04   0.0000000E+00   7.1936649E-06
  3.04835491E+03   1.8085584E-04   0.0000000E+00   7.0766184E-06   1.8287303E-04   0.0000000E+00   7.1830301E-06
  3.05835491E+03   1.8069644E-04   0.0000000E+00   7.0657399E-06   1.8271814E-04   0.0000000E+00   7.1723336E-06
  3.06835491E+03   1.8053789E-04   0.0000000E+00   7.0548355E-06   1.8256322E-04   0.0000000E+00   7.1615758E-06
  3.07835491E+03   1.8037754E-04   0.0000000E+00   7.0439002E-06   1.8240906E-04   0.0000000E+00   7.1507531E-06
  3.08835491E+03   1.8021655E-04   0.0000000E+00   7.0329256E-06   1.8225730E-04   0.0000000E+00   7.1398590E-06
  3.09835491E+03   1.8005749E-04   0.0000000E+00   7.0219260E-06   1.8210747E-04   0.0000000E+00   7.1289037E-06
  3.10835491E+03   1.7989982E-04   0.0000000E+00   7.0109059E-06   1.8195921E-04   0.0000000E+00   7.1178820E-06
  3.11835491E+03   1.7974358E-04   0.0000000E+00   6.9998637E-06   1.8181166E-04   0.0000000E+00   7.1067899E-06
  3.12835491E+03   1.7958802E-04   0.0000000E+00   6.9887995E-06   1.8166439E-04   0.0000000E+00   7.0956293E-06
  3.13835491E+03   1.7943291E-04   0.0000000E+00   6.9777141E-06   1.8151700E-04   0.0000000E+00   7.0844025E-06
  3.14835491E+03   1.7927818E-04   0.0000000E+00   6.9666087E-06   1.8137007E-04   0.0000000E+00   7.0731123E-06
  3.15835491E+03   1.7912382E-04   0.0000000E+00   6.9554845E-06   1.8122314E-04   0.0000000E+00   7.0617615E-06
  3.16835491E+03   1.7897051E-04   0.0000000E+00   6.9443423E-06   1.8107585E-04   0.0000000E+00   7.0503524E-06
  3.17835491E+03   1.7881794E-04   0.0000000E+00   6.9331835E-06   1.8092812E-04   0.0000000E+00   7.0388879E-06
  3.18835491E+03   1.7866572E-04   0.0000000E+00   6.9220100E-06   1.8077992E-04   0.0000000E+00   7.0273714E-06
  3.19835491E+03   1.7851385E-04   0.0000000E+00   6.9108233E-06   1.8063122E-04   0.0000000E+00   7.0158056E-06
  3.20835491E+03   1.7836229E-04   0.0000000E+00   6.8996243E-06   1.8048200E-04   0.0000000E+00   7.0041930E-06
  3.21835491E+03   1.7821140E-04   0.0000000E+00   6.8884142E-06   1.8033224E-04   0.0000000E+00   6.9925360E-06
  3.22835491E+03   1.7806143E-04   0.0000000E+00   6.8771942E-06   1.8018195E-04   0.0000000E+00   6.9808370E-06
  3.23835491E+03   1.7791179E-04   0.0000000E+00   6.8659652E-06   1.8003112E-04   0.0000000E+00   6.9690971E-06
  3.24835491E+03   1.7776248E-04   0.0000000E+00   6.8547282E-06   1.7987977E-04   0.0000000E+00   6.9573177E-06
  3.25835491E+03   1.7761348E-04   0.0000000E+00   6.8434843E-06   1.7972874E-04   0.0000000E+00   6.9455012E-06
  3.26835491E+03   1.7746284E-04   0.0000000E+00   6.8322327E-06   1.7957939E-04   0.0000000E+00   6.9336479E-06
  3.27835491E+03   1.7731351E-04   0.0000000E+00   6.8209712E-06   1.7943152E-04   0.0000000E+00   6.9217563E-06
  3.28835491E+03   1.7716481E-04   0.0000000E+00   6.8097030E-06   1.7928352E-04   0.0000000E+00   6.9098306E-06
  3.29835491E+03   1.7701641E-04   0.0000000E+00   6.7984317E-06   1.7913493E-04   0.0000000E+00   6.8978755E-06
  3.30835491E+03   1.7686709E-04   0.0000000E+00   6.7871590E-06   1.7898882E-04   0.0000000E+00   6.8858941E-06
  3.31835491E+03   1.7671872E-04   0.0000000E+00   6.7758850E-06   1.7884294E-04   0.0000000E+00   6.8738877E-06
  3.32835491E+03   1.7657092E-04   0.0000000E+00   6.7646136E-06   1.7869721E-04   0.0000000E+00   6.8618608E-06
  3.33835491E+03   1.7642351E-04   0.0000000E+00   6.7533479E-06   1.7855114E-04   0.0000000E+00   6.8498176E-06
  3.34835491E+03   1.7627640E-04   0.0000000E+00   6.7420895E-06   1.7840464E-04   0.0000000E+00   6.8377602E-06
  3.35835491E+03   1.7612957E-04   0.0000000E+00   6.7308395E-06   1.7825771E-04   0.0000000E+00   6.8256908E-06
  3.36835491E+03   1.7598300E-04   0.0000000E+00   6.7195986E-06   1.7811037E-04   0.0000000E+00   6.8136110E-06
  3.37835491E+03   1.7583669E-04   0.0000000E+00   6.7083673E-06   1.7796264E-04   0.0000000E+00   6.8015219E-06
  3.38835491E+03   1.7569063E-04   0.0000000E+00   6.6971462E-06   1.7781499E-04   0.0000000E+00   6.7894251E-06
  3.39835491E+03   1.7554482E-04   0.0000000E+00   6.6859357E-06   1.7766724E-04   0.0000000E+00   6.7773218E-06
  3.40835491E+03   1.7539927E-04   0.0000000E+00   6.6747357E-06   1.7751926E-04   0.0000000E+00   6.7652125E-06
  3.41835491E+03   1.7525397E-04   0.0000000E+00   6.6635463E-06   1.7737157E-04   0.0000000E+00   6.7530982E-06
  3.42835491E+03   1.7510893E-04   0.0000000E+00   6.6523684E-06   1.7722377E-04   0.0000000E+00   6.7409804E-06
  3.43835491E+03   1.7496416E-04   0.0000000E+00   6.6412022E-06   1.7707588E-04   0.0000000E+00   6.7288598E-06
  3.44835491E+03   1.7481967E-04   0.0000000E+00   6.6300478E-06   1.7692792E-04   0.0000000E+00   6.7167371E-06
  3.45835491E+03   1.7467546E-04   0.0000000E+00   6.6189055E-06   1.7678052E-04   0.0000000E+00   6.7046132E-06
  3.46835491E+03   1.7452933E-04   0.0000000E+00   6.6077342E-06   1.7663427E-04   0.0000000E+00   6.6924486E-06
  3.47835491E+03   1.7438444E-04   0.0000000E+00   6.5965721E-06   1.7648936E-04   0.0000000E+00   6.6802813E-06
  3.48835491E+03   1.7424032E-04   0.0000000E+00   6.5854376E-06   1.7634527E-04   0.0000000E+00   6.6681293E-06
  3.49835491E+03   1.7409671E-04   0.0000000E+00   6.5743222E-06   1.7620167E-04   0.0000000E+00   6.6559854E-06
  3.50835491E+03   1.7395351E-04   0.0000000E+00   6.5632242E-06   1.7605839E-04   0.0000000E+00   6.6438469E-06
  3.51835491E+03   1.7381069E-04   0.0000000E+00   6.5521426E-06   1.7591534E-04   0.0000000E+00   6.6317129E-06
  3.52835491E+03   1.7366823E-04   0.0000000E+00   6.5410759E-06   1.7577246E-04   0.0000000E+00   6.6195830E-06
  3.53835491E+03   1.7352612E-04   0.0000000E+00   6.5300238E-06   1.7562972E-04   0.0000000E+00   6.6074580E-06
  3.54835491E+03   1.7338435E-04   0.0000000E+00   6.5189861E-06   1.7548706E-04   0.0000000E+00   6.5953383E-06
  3.55835491E+03   1.7324291E-04   0.0000000E+00   6.5079624E-06   1.7534453E-04   0.0000000E+00   6.5832246E-06
  3.56835491E+03   1.7310176E-04   0.0000000E+00   6.4969526E-06   1.7520205E-04   0.0000000E+00   6.5711174E-06
  3.57835491E+03   1.7296092E-04   0.0000000E+00   6.4859561E-06   1.7505963E-04   0.0000000E+00   6.5590170E-06
  3.58835491E+03   1.7281641E-04   0.0000000E+00   6.4749714E-06   1.7491656E-04   0.0000000E+00   6.5469226E-06
  3.59417746E+03   1.7273550E-04   0.0000000E+00   6.4682548E-06   1.7774966E-04   0.0000000E+00   6.5599138E-06
  3.60000000E+03   1.7265642E-04   0.0000000E+00   6.4620758E-06   1.7753376E-04   0.0000000E+00   6.5731465E-06
