      0  0.00000000E+00     NSTEP   TIME
 SURFACE NODE =   441  X =   1.0000E+01  Y =   0.0000E+00
              Z  PRESSURE HEAD             SW           CKRW        QTRANIE
   3.350000E-01   0.000000E+00   1.000000E+00   1.000000E+00   0.000000E+00   1.000000E+00
   3.290000E-01   6.000000E-03   1.000000E+00   1.000000E+00   0.000000E+00   1.000000E+00
   3.170000E-01   1.800000E-02   1.000000E+00   1.000000E+00   0.000000E+00   1.000000E+00
   2.990000E-01   3.600000E-02   1.000000E+00   1.000000E+00   0.000000E+00   1.000000E+00
   2.750000E-01   6.000000E-02   1.000000E+00   1.000000E+00   0.000000E+00   1.000000E+00
   2.450000E-01   9.000000E-02   1.000000E+00   1.000000E+00   0.000000E+00   1.000000E+00
   2.150000E-01   1.200000E-01   1.000000E+00   1.000000E+00   0.000000E+00   1.000000E+00
   1.550000E-01   1.800000E-01   1.000000E+00   1.000000E+00   0.000000E+00   1.000000E+00
   9.500000E-02   2.400000E-01   1.000000E+00   1.000000E+00   0.000000E+00   1.000000E+00
  -5.500000E-02   3.900000E-01   1.000000E+00   1.000000E+00   0.000000E+00   1.000000E+00
  -2.050000E-01   5.400000E-01   1.000000E+00   1.000000E+00   0.000000E+00   1.000000E+00
  -5.050000E-01   8.400000E-01   1.000000E+00   1.000000E+00   0.000000E+00   1.000000E+00
  -8.050000E-01   1.140000E+00   1.000000E+00   1.000000E+00   0.000000E+00   1.000000E+00
  -1.405000E+00   1.740000E+00   1.000000E+00   1.000000E+00   0.000000E+00   1.000000E+00
  -2.005000E+00   2.340000E+00   1.000000E+00   1.000000E+00   0.000000E+00   1.000000E+00
  -2.665000E+00   3.000000E+00   1.000000E+00   1.000000E+00   0.000000E+00   1.000000E+00
    339  1.80835491E+03     NSTEP   TIME
 SURFACE NODE =   441  X =   1.0000E+01  Y =   0.0000E+00
              Z  PRESSURE HEAD             SW           CKRW        QTRANIE
   3.350000E-01   4.937772E-03   1.000000E+00   1.000000E+00   0.000000E+00   1.019265E+00
   3.290000E-01   1.174178E-02   1.000000E+00   1.000000E+00   0.000000E+00   1.000000E+00
   3.170000E-01   2.533066E-02   1.000000E+00   1.000000E+00   0.000000E+00   1.000000E+00
   2.990000E-01   4.566917E-02   1.000000E+00   1.000000E+00   0.000000E+00   1.000000E+00
   2.750000E-01   7.270817E-02   1.000000E+00   1.000000E+00   0.000000E+00   1.000001E+00
   2.450000E-01   1.063876E-01   1.000000E+00   1.000000E+00   0.000000E+00   1.000001E+00
   2.150000E-01   1.399467E-01   1.000000E+00   1.000000E+00   0.000000E+00   1.000001E+00
   1.550000E-01   2.066908E-01   1.000000E+00   1.000000E+00   0.000000E+00   1.000001E+00
   9.500000E-02   2.730329E-01   1.000000E+00   1.000000E+00   0.000000E+00   1.000001E+00
  -5.500000E-02   4.371086E-01   1.000000E+00   1.000000E+00   0.000000E+00   1.000001E+00
  -2.050000E-01   5.994095E-01   1.000000E+00   1.000000E+00   0.000000E+00   1.000001E+00
  -5.050000E-01   9.192861E-01   1.000000E+00   1.000000E+00   0.000000E+00   1.000002E+00
  -8.050000E-01   1.234959E+00   1.000000E+00   1.000000E+00   0.000000E+00   1.000002E+00
  -1.405000E+00   1.855835E+00   1.000000E+00   1.000000E+00   0.000000E+00   1.000002E+00
  -2.005000E+00   2.467243E+00   1.000000E+00   1.000000E+00   0.000000E+00   1.000002E+00
  -2.665000E+00   3.130582E+00   1.000000E+00   1.000000E+00   0.000000E+00   1.000002E+00
    519  3.60000000E+03     NSTEP   TIME
 SURFACE NODE =   441  X =   1.0000E+01  Y =   0.0000E+00
              Z  PRESSURE HEAD             SW           CKRW        QTRANIE
   3.350000E-01   4.413362E-03   1.000000E+00   1.000000E+00   0.000000E+00   1.019479E+00
   3.290000E-01   1.120617E-02   1.000000E+00   1.000000E+00   0.000000E+00   1.000001E+00
   3.170000E-01   2.477269E-02   1.000000E+00   1.000000E+00   0.000000E+00   1.000001E+00
   2.990000E-01   4.507779E-02   1.000000E+00   1.000000E+00   0.000000E+00   1.000001E+00
   2.750000E-01   7.207245E-02   1.000000E+00   1.000000E+00   0.000000E+00   1.000001E+00
   2.450000E-01   1.056967E-01   1.000000E+00   1.000000E+00   0.000000E+00   1.000001E+00
   2.150000E-01   1.392010E-01   1.000000E+00   1.000000E+00   0.000000E+00   1.000001E+00
   1.550000E-01   2.058361E-01   1.000000E+00   1.000000E+00   0.000000E+00   1.000001E+00
   9.500000E-02   2.720700E-01   1.000000E+00   1.000000E+00   0.000000E+00   1.000001E+00
  -5.500000E-02   4.358787E-01   1.000000E+00   1.000000E+00   0.000000E+00   1.000001E+00
  -2.050000E-01   5.979171E-01   1.000000E+00   1.000000E+00   0.000000E+00   1.000001E+00
  -5.050000E-01   9.172890E-01   1.000000E+00   1.000000E+00   0.000000E+00   1.000002E+00
  -8.050000E-01   1.232497E+00   1.000000E+00   1.000000E+00   0.000000E+00   1.000002E+00
  -1.405000E+00   1.852611E+00   1.000000E+00   1.000000E+00   0.000000E+00   1.000002E+00
  -2.005000E+00   2.463542E+00   1.000000E+00   1.000000E+00   0.000000E+00   1.000002E+00
  -2.665000E+00   3.126731E+00   1.000000E+00   1.000000E+00   0.000000E+00   1.000002E+00
    519  3.60000000E+03     NSTEP   TIME
 SURFACE NODE =   441  X =   1.0000E+01  Y =   0.0000E+00
              Z  PRESSURE HEAD             SW           CKRW        QTRANIE
   3.350000E-01   4.413362E-03   1.000000E+00   1.000000E+00   0.000000E+00   1.019479E+00
   3.290000E-01   1.120617E-02   1.000000E+00   1.000000E+00   0.000000E+00   1.000001E+00
   3.170000E-01   2.477269E-02   1.000000E+00   1.000000E+00   0.000000E+00   1.000001E+00
   2.990000E-01   4.507779E-02   1.000000E+00   1.000000E+00   0.000000E+00   1.000001E+00
   2.750000E-01   7.207245E-02   1.000000E+00   1.000000E+00   0.000000E+00   1.000001E+00
   2.450000E-01   1.056967E-01   1.000000E+00   1.000000E+00   0.000000E+00   1.000001E+00
   2.150000E-01   1.392010E-01   1.000000E+00   1.000000E+00   0.000000E+00   1.000001E+00
   1.550000E-01   2.058361E-01   1.000000E+00   1.000000E+00   0.000000E+00   1.000001E+00
   9.500000E-02   2.720700E-01   1.000000E+00   1.000000E+00   0.000000E+00   1.000001E+00
  -5.500000E-02   4.358787E-01   1.000000E+00   1.000000E+00   0.000000E+00   1.000001E+00
  -2.050000E-01   5.979171E-01   1.000000E+00   1.000000E+00   0.000000E+00   1.000001E+00
  -5.050000E-01   9.172890E-01   1.000000E+00   1.000000E+00   0.000000E+00   1.000002E+00
  -8.050000E-01   1.232497E+00   1.000000E+00   1.000000E+00   0.000000E+00   1.000002E+00
  -1.405000E+00   1.852611E+00   1.000000E+00   1.000000E+00   0.000000E+00   1.000002E+00
  -2.005000E+00   2.463542E+00   1.000000E+00   1.000000E+00   0.000000E+00   1.000002E+00
  -2.665000E+00   3.126731E+00   1.000000E+00   1.000000E+00   0.000000E+00   1.000002E+00
