#TIME      <--- WTDEPTH(NODVP(I)), I=1,2,...,NUMVP --->
   1.000000E-02   3.350001E-01
   1.500000E-02   3.350001E-01
   2.050000E-02   3.350001E-01
   2.655000E-02   3.350002E-01
   3.260000E-02   3.350003E-01
   3.865000E-02   3.350003E-01
   4.470000E-02   3.350004E-01
   4.772500E-02   3.350004E-01
   5.105250E-02   3.350004E-01
   5.471275E-02   3.350005E-01
   5.837300E-02   3.350005E-01
   6.239928E-02   3.350006E-01
   6.642555E-02   3.350006E-01
   7.045183E-02   3.350007E-01
   7.447810E-02   3.350007E-01
   7.850438E-02   3.350008E-01
   8.253065E-02   3.350009E-01
   8.655692E-02   3.350009E-01
   9.058320E-02   3.350010E-01
   9.460947E-02   3.350010E-01
   9.863575E-02   3.350011E-01
   1.030647E-01   3.350011E-01
   1.074936E-01   3.350012E-01
   1.119225E-01   3.350013E-01
   1.163514E-01   3.350013E-01
   1.207803E-01   3.350014E-01
   1.252092E-01   3.350015E-01
   1.296381E-01   3.350015E-01
   1.340670E-01   3.350016E-01
   1.384959E-01   3.350017E-01
   1.429248E-01   3.350017E-01
   1.473537E-01   3.350018E-01
   1.517826E-01   3.350019E-01
   1.562115E-01   3.350019E-01
   1.606404E-01   3.350020E-01
   1.655122E-01   3.350021E-01
   1.703840E-01   3.350022E-01
   1.752558E-01   3.350023E-01
   1.801276E-01   3.350023E-01
   1.854865E-01   3.350024E-01
   1.908455E-01   3.350025E-01
   1.967404E-01   3.350026E-01
   2.026352E-01   3.350027E-01
   2.085301E-01   3.350028E-01
   2.144250E-01   3.350029E-01
   2.203198E-01   3.350030E-01
   2.262147E-01   3.350031E-01
   2.321096E-01   3.350032E-01
   2.380045E-01   3.350033E-01
   2.438993E-01   3.350034E-01
   2.497942E-01   3.350035E-01
   2.556891E-01   3.350036E-01
   2.621734E-01   3.350037E-01
   2.686578E-01   3.350039E-01
   2.751421E-01   3.350040E-01
   2.822749E-01   3.350041E-01
   2.894077E-01   3.350042E-01
   2.965405E-01   3.350044E-01
   3.043866E-01   3.350045E-01
   3.122326E-01   3.350046E-01
   3.200787E-01   3.350048E-01
   3.287094E-01   3.350050E-01
   3.373401E-01   3.350051E-01
   3.468338E-01   3.350053E-01
   3.563276E-01   3.350055E-01
   3.658213E-01   3.350056E-01
   3.753151E-01   3.350058E-01
   3.857582E-01   3.350060E-01
   3.962013E-01   3.350062E-01
   4.076887E-01   3.350064E-01
   4.203249E-01   3.350067E-01
   4.342247E-01   3.350070E-01
   4.481245E-01   3.350072E-01
   4.634143E-01   3.350075E-01
   4.802330E-01   3.350079E-01
   4.987336E-01   3.350082E-01
   5.172343E-01   3.350086E-01
   5.375850E-01   3.350090E-01
   5.599707E-01   3.350095E-01
   5.823565E-01   3.350099E-01
   6.047422E-01   3.350103E-01
   6.293666E-01   3.350108E-01
   6.539909E-01   3.350112E-01
   6.810776E-01   3.350118E-01
   7.108731E-01   3.350124E-01
   7.406685E-01   3.350129E-01
   7.734435E-01   3.350136E-01
   8.094960E-01   3.350144E-01
   8.491537E-01   3.350152E-01
   8.927772E-01   3.350161E-01
   9.407631E-01   3.350171E-01
   9.935475E-01   3.350182E-01
   1.046332E+00   3.350191E-01
   1.104395E+00   3.350203E-01
   1.162458E+00   3.350214E-01
   1.226327E+00   3.350227E-01
   1.290196E+00   3.350239E-01
   1.360452E+00   3.350254E-01
   1.437734E+00   3.350270E-01
   1.515016E+00   3.350284E-01
   1.600025E+00   3.350301E-01
   1.685035E+00   3.350317E-01
   1.778546E+00   3.350336E-01
   1.872057E+00   3.350353E-01
   1.974919E+00   3.350375E-01
   2.088067E+00   3.350398E-01
   2.212530E+00   3.350424E-01
   2.349439E+00   3.350452E-01
   2.486349E+00   3.350477E-01
   2.636949E+00   3.350508E-01
   2.802609E+00   3.350543E-01
   2.984835E+00   3.350580E-01
   3.167061E+00   3.350614E-01
   3.367510E+00   3.350655E-01
   3.567959E+00   3.350692E-01
   3.788453E+00   3.350738E-01
   4.030996E+00   3.350788E-01
   4.273539E+00   3.350832E-01
   4.540336E+00   3.350887E-01
   4.833813E+00   3.350948E-01
   5.127291E+00   3.351002E-01
   5.450115E+00   3.351068E-01
   5.772940E+00   3.351128E-01
   6.128048E+00   3.351201E-01
   6.483155E+00   3.351266E-01
   6.873773E+00   3.351347E-01
   7.303453E+00   3.351435E-01
   7.733133E+00   3.351514E-01
   8.205781E+00   3.351612E-01
   8.725693E+00   3.351719E-01
   9.297597E+00   3.351837E-01
   9.869501E+00   3.351942E-01
   1.049860E+01   3.352072E-01
   1.119060E+01   3.352215E-01
   1.195180E+01   3.352372E-01
   1.278913E+01   3.352545E-01
   1.371018E+01   3.352735E-01
   1.472335E+01   3.352944E-01
   1.573651E+01   3.353129E-01
   1.685099E+01   3.353359E-01
   1.807692E+01   3.353612E-01
   1.942544E+01   3.353890E-01
   2.077395E+01   3.354137E-01
   2.225733E+01   3.354442E-01
   2.374070E+01   3.354713E-01
   2.522407E+01   3.354984E-01
   2.685578E+01   3.355320E-01
   2.865066E+01   3.355690E-01
   3.044554E+01   3.356017E-01
   3.241990E+01   3.356424E-01
   3.459171E+01   3.356870E-01
   3.698069E+01   3.357362E-01
   3.960858E+01   3.357901E-01
   4.249925E+01   3.358494E-01
   4.567899E+01   3.359146E-01
   4.917670E+01   3.359862E-01
   5.267441E+01   3.360493E-01
   5.617212E+01   3.361123E-01
   6.001961E+01   3.361904E-01
   6.425184E+01   3.362760E-01
   6.848407E+01   3.363513E-01
   7.271630E+01   3.364262E-01
   7.737176E+01   3.365189E-01
   8.249276E+01   3.366201E-01
   8.761376E+01   3.367084E-01
   9.324686E+01   3.368175E-01
   9.944327E+01   3.369358E-01
   1.062593E+02   3.370633E-01
   1.137570E+02   3.371991E-01
   1.220044E+02   3.373432E-01
   1.302518E+02   3.374637E-01
   1.393240E+02   3.376123E-01
   1.483962E+02   3.377336E-01
   1.583755E+02   3.378833E-01
   1.683549E+02   3.380017E-01
   1.783549E+02   3.381132E-01
   1.883549E+02   3.382170E-01
   1.983549E+02   3.383139E-01
   2.083549E+02   3.384046E-01
   2.183549E+02   3.384896E-01
   2.283549E+02   3.385694E-01
   2.383549E+02   3.386446E-01
   2.483549E+02   3.387154E-01
   2.583549E+02   3.387822E-01
   2.683549E+02   3.388453E-01
   2.783549E+02   3.389050E-01
   2.883549E+02   3.389613E-01
   2.983549E+02   3.390147E-01
   3.083549E+02   3.390652E-01
   3.183549E+02   3.391133E-01
   3.283549E+02   3.391588E-01
   3.383549E+02   3.392018E-01
   3.483549E+02   3.392424E-01
   3.583549E+02   3.392809E-01
   3.683549E+02   3.393175E-01
   3.783549E+02   3.393524E-01
   3.883549E+02   3.393855E-01
   3.983549E+02   3.394172E-01
   4.083549E+02   3.394474E-01
   4.183549E+02   3.394762E-01
   4.283549E+02   3.395038E-01
   4.383549E+02   3.395301E-01
   4.483549E+02   3.395553E-01
   4.583549E+02   3.395795E-01
   4.683549E+02   3.396025E-01
   4.783549E+02   3.396246E-01
   4.883549E+02   3.396457E-01
   4.983549E+02   3.396660E-01
   5.083549E+02   3.396853E-01
   5.183549E+02   3.397039E-01
   5.283549E+02   3.397216E-01
   5.383549E+02   3.397386E-01
   5.483549E+02   3.397548E-01
   5.583549E+02   3.397704E-01
   5.683549E+02   3.397853E-01
   5.783549E+02   3.397995E-01
   5.883549E+02   3.398131E-01
   5.983549E+02   3.398261E-01
   6.083549E+02   3.398386E-01
   6.183549E+02   3.398505E-01
   6.283549E+02   3.398618E-01
   6.383549E+02   3.398727E-01
   6.483549E+02   3.398831E-01
   6.583549E+02   3.398930E-01
   6.683549E+02   3.399026E-01
   6.783549E+02   3.399116E-01
   6.883549E+02   3.399203E-01
   6.983549E+02   3.399286E-01
   7.083549E+02   3.399364E-01
   7.183549E+02   3.399440E-01
   7.283549E+02   3.399512E-01
   7.383549E+02   3.399580E-01
   7.483549E+02   3.399646E-01
   7.583549E+02   3.399708E-01
   7.683549E+02   3.399767E-01
   7.783549E+02   3.399823E-01
   7.883549E+02   3.399876E-01
   7.983549E+02   3.399927E-01
   8.083549E+02   3.399976E-01
   8.183549E+02   3.400021E-01
   8.283549E+02   3.400065E-01
   8.383549E+02   3.400106E-01
   8.483549E+02   3.400145E-01
   8.583549E+02   3.400181E-01
   8.683549E+02   3.400216E-01
   8.783549E+02   3.400248E-01
   8.883549E+02   3.400278E-01
   8.983549E+02   3.400307E-01
   9.083549E+02   3.400334E-01
   9.183549E+02   3.400359E-01
   9.283549E+02   3.400383E-01
   9.383549E+02   3.400405E-01
   9.483549E+02   3.400425E-01
   9.583549E+02   3.400444E-01
   9.683549E+02   3.400461E-01
   9.783549E+02   3.400476E-01
   9.883549E+02   3.400491E-01
   9.983549E+02   3.400504E-01
   1.008355E+03   3.400515E-01
   1.018355E+03   3.400525E-01
   1.028355E+03   3.400534E-01
   1.038355E+03   3.400542E-01
   1.048355E+03   3.400549E-01
   1.058355E+03   3.400554E-01
   1.068355E+03   3.400559E-01
   1.078355E+03   3.400562E-01
   1.088355E+03   3.400564E-01
   1.098355E+03   3.400565E-01
   1.108355E+03   3.400565E-01
   1.118355E+03   3.400564E-01
   1.128355E+03   3.400562E-01
   1.138355E+03   3.400559E-01
   1.148355E+03   3.400555E-01
   1.158355E+03   3.400550E-01
   1.168355E+03   3.400545E-01
   1.178355E+03   3.400538E-01
   1.188355E+03   3.400530E-01
   1.198355E+03   3.400522E-01
   1.208355E+03   3.400514E-01
   1.218355E+03   3.400504E-01
   1.228355E+03   3.400494E-01
   1.238355E+03   3.400484E-01
   1.248355E+03   3.400473E-01
   1.258355E+03   3.400461E-01
   1.268355E+03   3.400449E-01
   1.278355E+03   3.400437E-01
   1.288355E+03   3.400424E-01
   1.298355E+03   3.400410E-01
   1.308355E+03   3.400396E-01
   1.318355E+03   3.400382E-01
   1.328355E+03   3.400367E-01
   1.338355E+03   3.400351E-01
   1.348355E+03   3.400336E-01
   1.358355E+03   3.400320E-01
   1.368355E+03   3.400304E-01
   1.378355E+03   3.400288E-01
   1.388355E+03   3.400271E-01
   1.398355E+03   3.400254E-01
   1.408355E+03   3.400237E-01
   1.418355E+03   3.400219E-01
   1.428355E+03   3.400202E-01
   1.438355E+03   3.400183E-01
   1.448355E+03   3.400165E-01
   1.458355E+03   3.400147E-01
   1.468355E+03   3.400128E-01
   1.478355E+03   3.400109E-01
   1.488355E+03   3.400089E-01
   1.498355E+03   3.400070E-01
   1.508355E+03   3.400050E-01
   1.518355E+03   3.400030E-01
   1.528355E+03   3.400010E-01
   1.538355E+03   3.399990E-01
   1.548355E+03   3.399969E-01
   1.558355E+03   3.399949E-01
   1.568355E+03   3.399927E-01
   1.578355E+03   3.399906E-01
   1.588355E+03   3.399885E-01
   1.598355E+03   3.399863E-01
   1.608355E+03   3.399841E-01
   1.618355E+03   3.399819E-01
   1.628355E+03   3.399796E-01
   1.638355E+03   3.399774E-01
   1.648355E+03   3.399751E-01
   1.658355E+03   3.399729E-01
   1.668355E+03   3.399706E-01
   1.678355E+03   3.399683E-01
   1.688355E+03   3.399660E-01
   1.698355E+03   3.399637E-01
   1.708355E+03   3.399614E-01
   1.718355E+03   3.399591E-01
   1.728355E+03   3.399568E-01
   1.738355E+03   3.399545E-01
   1.748355E+03   3.399521E-01
   1.758355E+03   3.399498E-01
   1.768355E+03   3.399474E-01
   1.778355E+03   3.399450E-01
   1.788355E+03   3.399426E-01
   1.798355E+03   3.399402E-01
   1.808355E+03   3.399378E-01
   1.818355E+03   3.399353E-01
   1.828355E+03   3.399329E-01
   1.838355E+03   3.399304E-01
   1.848355E+03   3.399279E-01
   1.858355E+03   3.399254E-01
   1.868355E+03   3.399229E-01
   1.878355E+03   3.399204E-01
   1.888355E+03   3.399179E-01
   1.898355E+03   3.399154E-01
   1.908355E+03   3.399128E-01
   1.918355E+03   3.399103E-01
   1.928355E+03   3.399077E-01
   1.938355E+03   3.399051E-01
   1.948355E+03   3.399026E-01
   1.958355E+03   3.399000E-01
   1.968355E+03   3.398975E-01
   1.978355E+03   3.398949E-01
   1.988355E+03   3.398923E-01
   1.998355E+03   3.398898E-01
   2.008355E+03   3.398872E-01
   2.018355E+03   3.398846E-01
   2.028355E+03   3.398821E-01
   2.038355E+03   3.398796E-01
   2.048355E+03   3.398770E-01
   2.058355E+03   3.398745E-01
   2.068355E+03   3.398719E-01
   2.078355E+03   3.398694E-01
   2.088355E+03   3.398668E-01
   2.098355E+03   3.398643E-01
   2.108355E+03   3.398617E-01
   2.118355E+03   3.398592E-01
   2.128355E+03   3.398566E-01
   2.138355E+03   3.398541E-01
   2.148355E+03   3.398516E-01
   2.158355E+03   3.398490E-01
   2.168355E+03   3.398465E-01
   2.178355E+03   3.398440E-01
   2.188355E+03   3.398415E-01
   2.198355E+03   3.398390E-01
   2.208355E+03   3.398365E-01
   2.218355E+03   3.398340E-01
   2.228355E+03   3.398316E-01
   2.238355E+03   3.398291E-01
   2.248355E+03   3.398267E-01
   2.258355E+03   3.398242E-01
   2.268355E+03   3.398218E-01
   2.278355E+03   3.398194E-01
   2.288355E+03   3.398169E-01
   2.298355E+03   3.398145E-01
   2.308355E+03   3.398121E-01
   2.318355E+03   3.398097E-01
   2.328355E+03   3.398073E-01
   2.338355E+03   3.398048E-01
   2.348355E+03   3.398024E-01
   2.358355E+03   3.398000E-01
   2.368355E+03   3.397976E-01
   2.378355E+03   3.397952E-01
   2.388355E+03   3.397928E-01
   2.398355E+03   3.397904E-01
   2.408355E+03   3.397880E-01
   2.418355E+03   3.397856E-01
   2.428355E+03   3.397832E-01
   2.438355E+03   3.397808E-01
   2.448355E+03   3.397784E-01
   2.458355E+03   3.397760E-01
   2.468355E+03   3.397736E-01
   2.478355E+03   3.397712E-01
   2.488355E+03   3.397688E-01
   2.498355E+03   3.397664E-01
   2.508355E+03   3.397640E-01
   2.518355E+03   3.397616E-01
   2.528355E+03   3.397592E-01
   2.538355E+03   3.397568E-01
   2.548355E+03   3.397543E-01
   2.558355E+03   3.397519E-01
   2.568355E+03   3.397495E-01
   2.578355E+03   3.397471E-01
   2.588355E+03   3.397447E-01
   2.598355E+03   3.397422E-01
   2.608355E+03   3.397398E-01
   2.618355E+03   3.397374E-01
   2.628355E+03   3.397349E-01
   2.638355E+03   3.397325E-01
   2.648355E+03   3.397301E-01
   2.658355E+03   3.397277E-01
   2.668355E+03   3.397252E-01
   2.678355E+03   3.397228E-01
   2.688355E+03   3.397204E-01
   2.698355E+03   3.397179E-01
   2.708355E+03   3.397155E-01
   2.718355E+03   3.397131E-01
   2.728355E+03   3.397106E-01
   2.738355E+03   3.397082E-01
   2.748355E+03   3.397058E-01
   2.758355E+03   3.397033E-01
   2.768355E+03   3.397009E-01
   2.778355E+03   3.396984E-01
   2.788355E+03   3.396960E-01
   2.798355E+03   3.396936E-01
   2.808355E+03   3.396911E-01
   2.818355E+03   3.396887E-01
   2.828355E+03   3.396863E-01
   2.838355E+03   3.396838E-01
   2.848355E+03   3.396814E-01
   2.858355E+03   3.396790E-01
   2.868355E+03   3.396766E-01
   2.878355E+03   3.396742E-01
   2.888355E+03   3.396718E-01
   2.898355E+03   3.396694E-01
   2.908355E+03   3.396671E-01
   2.918355E+03   3.396647E-01
   2.928355E+03   3.396623E-01
   2.938355E+03   3.396600E-01
   2.948355E+03   3.396577E-01
   2.958355E+03   3.396554E-01
   2.968355E+03   3.396531E-01
   2.978355E+03   3.396508E-01
   2.988355E+03   3.396485E-01
   2.998355E+03   3.396462E-01
   3.008355E+03   3.396439E-01
   3.018355E+03   3.396416E-01
   3.028355E+03   3.396394E-01
   3.038355E+03   3.396371E-01
   3.048355E+03   3.396349E-01
   3.058355E+03   3.396326E-01
   3.068355E+03   3.396304E-01
   3.078355E+03   3.396281E-01
   3.088355E+03   3.396259E-01
   3.098355E+03   3.396236E-01
   3.108355E+03   3.396214E-01
   3.118355E+03   3.396192E-01
   3.128355E+03   3.396170E-01
   3.138355E+03   3.396148E-01
   3.148355E+03   3.396126E-01
   3.158355E+03   3.396104E-01
   3.168355E+03   3.396082E-01
   3.178355E+03   3.396060E-01
   3.188355E+03   3.396039E-01
   3.198355E+03   3.396017E-01
   3.208355E+03   3.395996E-01
   3.218355E+03   3.395974E-01
   3.228355E+03   3.395953E-01
   3.238355E+03   3.395932E-01
   3.248355E+03   3.395910E-01
   3.258355E+03   3.395889E-01
   3.268355E+03   3.395868E-01
   3.278355E+03   3.395847E-01
   3.288355E+03   3.395825E-01
   3.298355E+03   3.395804E-01
   3.308355E+03   3.395783E-01
   3.318355E+03   3.395762E-01
   3.328355E+03   3.395741E-01
   3.338355E+03   3.395720E-01
   3.348355E+03   3.395699E-01
   3.358355E+03   3.395678E-01
   3.368355E+03   3.395657E-01
   3.378355E+03   3.395636E-01
   3.388355E+03   3.395615E-01
   3.398355E+03   3.395595E-01
   3.408355E+03   3.395574E-01
   3.418355E+03   3.395553E-01
   3.428355E+03   3.395532E-01
   3.438355E+03   3.395512E-01
   3.448355E+03   3.395491E-01
   3.458355E+03   3.395470E-01
   3.468355E+03   3.395450E-01
   3.478355E+03   3.395429E-01
   3.488355E+03   3.395408E-01
   3.498355E+03   3.395388E-01
   3.508355E+03   3.395367E-01
   3.518355E+03   3.395347E-01
   3.528355E+03   3.395326E-01
   3.538355E+03   3.395306E-01
   3.548355E+03   3.395286E-01
   3.558355E+03   3.395265E-01
   3.568355E+03   3.395245E-01
   3.578355E+03   3.395225E-01
   3.588355E+03   3.395204E-01
   3.594177E+03   3.394145E-01
   3.600000E+03   3.394134E-01
