#NSTP            DELTAT         TIME    POT. FLUX    ACT. FLUX    OVL. FLUX    RET. FLUX    SEEP FLUX    REC. FLUX     REC.VOL.
         1  1.00000E-02  1.00000E-02  0.00000E+00 -9.18446E-05  9.18446E-05  9.18446E-05  0.00000E+00  6.49502E-05  6.48641E-09
         2  5.00000E-03  1.50000E-02  0.00000E+00 -9.73609E-05  1.00238E-04  1.05139E-04  0.00000E+00  8.33593E-05  1.06488E-08
         3  5.50000E-03  2.05000E-02  0.00000E+00 -1.11087E-04  1.13554E-04  1.16227E-04  0.00000E+00  9.84920E-05  1.60587E-08
         4  6.05000E-03  2.65500E-02  0.00000E+00 -1.20085E-04  1.22115E-04  1.26327E-04  0.00000E+00  1.12083E-04  2.28307E-08
         5  6.05000E-03  3.26000E-02  0.00000E+00 -1.29232E-04  1.31055E-04  1.34757E-04  0.00000E+00  1.23731E-04  3.03065E-08
         6  6.05000E-03  3.86500E-02  0.00000E+00 -1.35821E-04  1.38055E-04  1.42150E-04  0.00000E+00  1.34051E-04  3.84058E-08
         7  6.05000E-03  4.47000E-02  0.00000E+00 -1.44925E-04  1.46758E-04  1.48996E-04  0.00000E+00  1.43465E-04  4.70739E-08
         8  3.02500E-03  4.77250E-02  0.00000E+00 -1.41528E-04  1.49566E-04  1.52233E-04  0.00000E+00  1.47913E-04  5.15424E-08
         9  3.32750E-03  5.10525E-02  0.00000E+00 -1.47061E-04  1.52429E-04  1.55569E-04  0.00000E+00  1.52619E-04  5.66140E-08
        10  3.66025E-03  5.47128E-02  0.00000E+00 -1.52250E-04  1.55696E-04  1.59034E-04  0.00000E+00  1.57525E-04  6.23722E-08
        11  3.66025E-03  5.83730E-02  0.00000E+00 -1.55713E-04  1.58451E-04  1.62302E-04  0.00000E+00  1.62243E-04  6.83028E-08
        12  4.02628E-03  6.23993E-02  0.00000E+00 -1.59619E-04  1.61452E-04  1.65733E-04  0.00000E+00  1.67185E-04  7.50252E-08
        13  4.02628E-03  6.64256E-02  0.00000E+00 -1.62673E-04  1.64265E-04  1.69036E-04  0.00000E+00  1.71924E-04  8.19382E-08
        14  4.02628E-03  7.04518E-02  0.00000E+00 -1.65767E-04  1.67168E-04  1.72205E-04  0.00000E+00  1.76468E-04  8.90339E-08
        15  4.02628E-03  7.44781E-02  0.00000E+00 -1.69578E-04  1.70954E-04  1.75229E-04  0.00000E+00  1.80791E-04  9.63034E-08
        16  4.02628E-03  7.85044E-02  0.00000E+00 -1.71834E-04  1.73725E-04  1.78142E-04  0.00000E+00  1.84962E-04  1.03741E-07
        17  4.02628E-03  8.25306E-02  0.00000E+00 -1.74974E-04  1.76561E-04  1.80946E-04  0.00000E+00  1.88997E-04  1.11340E-07
        18  4.02628E-03  8.65569E-02  0.00000E+00 -1.77503E-04  1.78938E-04  1.83663E-04  0.00000E+00  1.92897E-04  1.19096E-07
        19  4.02628E-03  9.05832E-02  0.00000E+00 -1.80355E-04  1.81419E-04  1.86315E-04  0.00000E+00  1.96663E-04  1.27004E-07
        20  4.02628E-03  9.46095E-02  0.00000E+00 -1.82896E-04  1.83885E-04  1.88882E-04  0.00000E+00  2.00302E-04  1.35058E-07
        21  4.02628E-03  9.86357E-02  0.00000E+00 -1.84802E-04  1.85868E-04  1.91361E-04  0.00000E+00  2.03849E-04  1.43255E-07
        22  4.42890E-03  1.03065E-01  0.00000E+00 -1.87487E-04  1.88318E-04  1.93992E-04  0.00000E+00  2.07599E-04  1.52437E-07
        23  4.42890E-03  1.07494E-01  0.00000E+00 -1.90325E-04  1.91310E-04  1.96535E-04  0.00000E+00  2.11228E-04  1.61779E-07
        24  4.42890E-03  1.11922E-01  0.00000E+00 -1.92286E-04  1.93896E-04  1.99008E-04  0.00000E+00  2.14695E-04  1.71275E-07
        25  4.42890E-03  1.16351E-01  0.00000E+00 -1.94456E-04  1.96228E-04  2.01402E-04  0.00000E+00  2.18071E-04  1.80921E-07
        26  4.42890E-03  1.20780E-01  0.00000E+00 -1.96784E-04  1.98532E-04  2.03732E-04  0.00000E+00  2.21335E-04  1.90710E-07
        27  4.42890E-03  1.25209E-01  0.00000E+00 -1.99085E-04  2.00754E-04  2.05981E-04  0.00000E+00  2.24490E-04  2.00640E-07
        28  4.42890E-03  1.29638E-01  0.00000E+00 -2.01440E-04  2.02993E-04  2.08161E-04  0.00000E+00  2.27549E-04  2.10704E-07
        29  4.42890E-03  1.34067E-01  0.00000E+00 -2.03715E-04  2.05147E-04  2.10273E-04  0.00000E+00  2.30495E-04  2.20899E-07
        30  4.42890E-03  1.38496E-01  0.00000E+00 -2.05844E-04  2.07207E-04  2.12323E-04  0.00000E+00  2.33350E-04  2.31220E-07
        31  4.42890E-03  1.42925E-01  0.00000E+00 -2.07756E-04  2.09137E-04  2.14323E-04  0.00000E+00  2.36122E-04  2.41664E-07
        32  4.42890E-03  1.47354E-01  0.00000E+00 -2.09585E-04  2.11120E-04  2.16261E-04  0.00000E+00  2.38796E-04  2.52226E-07
        33  4.42890E-03  1.51783E-01  0.00000E+00 -2.11237E-04  2.12902E-04  2.18137E-04  0.00000E+00  2.41396E-04  2.62903E-07
        34  4.42890E-03  1.56211E-01  0.00000E+00 -2.13000E-04  2.14627E-04  2.19954E-04  0.00000E+00  2.43918E-04  2.73692E-07
        35  4.42890E-03  1.60640E-01  0.00000E+00 -2.14425E-04  2.16088E-04  2.21720E-04  0.00000E+00  2.46374E-04  2.84589E-07
        36  4.87179E-03  1.65512E-01  0.00000E+00 -2.17082E-04  2.18446E-04  2.23597E-04  0.00000E+00  2.48955E-04  2.96701E-07
        37  4.87179E-03  1.70384E-01  0.00000E+00 -2.18459E-04  2.20196E-04  2.25417E-04  0.00000E+00  2.51453E-04  3.08935E-07
        38  4.87179E-03  1.75256E-01  0.00000E+00 -2.20258E-04  2.20935E-04  2.27181E-04  0.00000E+00  2.53884E-04  3.21288E-07
        39  4.87179E-03  1.80128E-01  0.00000E+00 -2.22391E-04  2.23003E-04  2.28889E-04  0.00000E+00  2.56230E-04  3.33754E-07
        40  5.35897E-03  1.85487E-01  0.00000E+00 -2.24751E-04  2.25136E-04  2.30698E-04  0.00000E+00  2.58690E-04  3.47599E-07
        41  5.35897E-03  1.90846E-01  0.00000E+00 -2.25947E-04  2.26627E-04  2.32438E-04  0.00000E+00  2.61072E-04  3.61571E-07
        42  5.89487E-03  1.96740E-01  0.00000E+00 -2.28155E-04  2.28652E-04  2.34277E-04  0.00000E+00  2.63575E-04  3.77088E-07
        43  5.89487E-03  2.02635E-01  0.00000E+00 -2.29610E-04  2.30386E-04  2.36061E-04  0.00000E+00  2.65975E-04  3.92746E-07
        44  5.89487E-03  2.08530E-01  0.00000E+00 -2.31292E-04  2.32064E-04  2.37772E-04  0.00000E+00  2.68285E-04  4.08540E-07
        45  5.89487E-03  2.14425E-01  0.00000E+00 -2.34115E-04  2.34918E-04  2.39415E-04  0.00000E+00  2.70492E-04  4.24464E-07
        46  5.89487E-03  2.20320E-01  0.00000E+00 -2.34498E-04  2.36444E-04  2.40992E-04  0.00000E+00  2.72578E-04  4.40511E-07
        47  5.89487E-03  2.26215E-01  0.00000E+00 -2.36127E-04  2.37960E-04  2.42510E-04  0.00000E+00  2.74611E-04  4.56677E-07
        48  5.89487E-03  2.32110E-01  0.00000E+00 -2.37633E-04  2.39437E-04  2.43966E-04  0.00000E+00  2.76558E-04  4.72958E-07
        49  5.89487E-03  2.38004E-01  0.00000E+00 -2.39133E-04  2.40849E-04  2.45363E-04  0.00000E+00  2.78424E-04  4.89349E-07
        50  5.89487E-03  2.43899E-01  0.00000E+00 -2.40766E-04  2.42399E-04  2.46705E-04  0.00000E+00  2.80217E-04  5.05846E-07
        51  5.89487E-03  2.49794E-01  0.00000E+00 -2.41996E-04  2.43731E-04  2.47991E-04  0.00000E+00  2.81923E-04  5.22443E-07
        52  5.89487E-03  2.55689E-01  0.00000E+00 -2.43174E-04  2.44823E-04  2.49225E-04  0.00000E+00  2.83577E-04  5.39137E-07
        53  6.48436E-03  2.62173E-01  0.00000E+00 -2.45337E-04  2.46648E-04  2.50520E-04  0.00000E+00  2.85298E-04  5.57612E-07
        54  6.48436E-03  2.68658E-01  0.00000E+00 -2.46613E-04  2.47984E-04  2.51762E-04  0.00000E+00  2.86926E-04  5.76193E-07
        55  6.48436E-03  2.75142E-01  0.00000E+00 -2.47754E-04  2.49058E-04  2.52962E-04  0.00000E+00  2.88502E-04  5.94876E-07
        56  7.13279E-03  2.82275E-01  0.00000E+00 -2.49384E-04  2.50360E-04  2.54206E-04  0.00000E+00  2.90140E-04  6.15543E-07
        57  7.13279E-03  2.89408E-01  0.00000E+00 -2.50818E-04  2.51782E-04  2.55389E-04  0.00000E+00  2.91688E-04  6.36321E-07
        58  7.13279E-03  2.96541E-01  0.00000E+00 -2.51709E-04  2.52797E-04  2.56513E-04  0.00000E+00  2.93175E-04  6.57205E-07
        59  7.84607E-03  3.04387E-01  0.00000E+00 -2.53180E-04  2.54011E-04  2.57681E-04  0.00000E+00  2.94717E-04  6.80298E-07
        60  7.84607E-03  3.12233E-01  0.00000E+00 -2.54330E-04  2.55177E-04  2.58787E-04  0.00000E+00  2.96175E-04  7.03505E-07
        61  7.84607E-03  3.20079E-01  0.00000E+00 -2.55240E-04  2.56124E-04  2.59832E-04  0.00000E+00  2.97564E-04  7.26821E-07
        62  8.63068E-03  3.28709E-01  0.00000E+00 -2.56569E-04  2.57280E-04  2.60912E-04  0.00000E+00  2.98988E-04  7.52592E-07
        63  8.63068E-03  3.37340E-01  0.00000E+00 -2.57424E-04  2.58202E-04  2.61929E-04  0.00000E+00  3.00339E-04  7.78479E-07
        64  9.49375E-03  3.46834E-01  0.00000E+00 -2.59070E-04  2.59746E-04  2.62973E-04  0.00000E+00  3.01706E-04  8.07084E-07
        65  9.49375E-03  3.56328E-01  0.00000E+00 -2.59672E-04  2.60831E-04  2.63950E-04  0.00000E+00  3.02986E-04  8.35811E-07
        66  9.49375E-03  3.65821E-01  0.00000E+00 -2.60805E-04  2.61672E-04  2.64864E-04  0.00000E+00  3.04190E-04  8.64651E-07
        67  9.49375E-03  3.75315E-01  0.00000E+00 -2.61566E-04  2.62592E-04  2.65717E-04  0.00000E+00  3.05306E-04  8.93598E-07
        68  1.04431E-02  3.85758E-01  0.00000E+00 -2.62729E-04  2.63558E-04  2.66588E-04  0.00000E+00  3.06438E-04  9.25557E-07
        69  1.04431E-02  3.96201E-01  0.00000E+00 -2.63429E-04  2.64302E-04  2.67398E-04  0.00000E+00  3.07501E-04  9.57627E-07
        70  1.14874E-02  4.07689E-01  0.00000E+00 -2.64355E-04  2.65054E-04  2.68218E-04  0.00000E+00  3.08575E-04  9.93027E-07
        71  1.26362E-02  4.20325E-01  0.00000E+00 -2.65257E-04  2.65806E-04  2.69042E-04  0.00000E+00  3.09650E-04  1.03210E-06
        72  1.38998E-02  4.34225E-01  0.00000E+00 -2.66656E-04  2.67088E-04  2.69861E-04  0.00000E+00  3.10686E-04  1.07523E-06
        73  1.38998E-02  4.48124E-01  0.00000E+00 -2.66961E-04  2.67772E-04  2.70603E-04  0.00000E+00  3.11637E-04  1.11849E-06
        74  1.52898E-02  4.63414E-01  0.00000E+00 -2.67799E-04  2.68442E-04  2.71333E-04  0.00000E+00  3.12574E-04  1.16622E-06
        75  1.68187E-02  4.80233E-01  0.00000E+00 -2.68588E-04  2.69092E-04  2.72046E-04  0.00000E+00  3.13478E-04  1.21887E-06
        76  1.85006E-02  4.98734E-01  0.00000E+00 -2.69453E-04  2.69862E-04  2.72733E-04  0.00000E+00  3.14321E-04  1.27695E-06
        77  1.85006E-02  5.17234E-01  0.00000E+00 -2.69889E-04  2.70405E-04  2.73334E-04  0.00000E+00  3.15066E-04  1.33516E-06
        78  2.03507E-02  5.37585E-01  0.00000E+00 -2.70483E-04  2.70915E-04  2.73903E-04  0.00000E+00  3.15758E-04  1.39933E-06
        79  2.23858E-02  5.59971E-01  0.00000E+00 -2.71897E-04  2.72255E-04  2.74432E-04  0.00000E+00  3.16348E-04  1.47005E-06
        80  2.23858E-02  5.82356E-01  0.00000E+00 -2.71700E-04  2.72789E-04  2.74882E-04  0.00000E+00  3.16820E-04  1.54088E-06
        81  2.23858E-02  6.04742E-01  0.00000E+00 -2.71973E-04  2.73127E-04  2.75269E-04  0.00000E+00  3.17001E-04  1.61175E-06
        82  2.46243E-02  6.29367E-01  0.00000E+00 -2.72560E-04  2.73566E-04  2.75621E-04  0.00000E+00  3.17117E-04  1.68974E-06
        83  2.46243E-02  6.53991E-01  0.00000E+00 -2.72726E-04  2.73813E-04  2.75912E-04  0.00000E+00  3.17223E-04  1.76775E-06
        84  2.70868E-02  6.81078E-01  0.00000E+00 -2.73078E-04  2.74025E-04  2.76171E-04  0.00000E+00  3.17278E-04  1.85357E-06
        85  2.97954E-02  7.10873E-01  0.00000E+00 -2.73499E-04  2.74325E-04  2.76393E-04  0.00000E+00  3.17264E-04  1.94798E-06
        86  2.97954E-02  7.40669E-01  0.00000E+00 -2.73546E-04  2.74455E-04  2.76567E-04  0.00000E+00  3.17233E-04  2.04237E-06
        87  3.27750E-02  7.73444E-01  0.00000E+00 -2.73756E-04  2.74552E-04  2.76710E-04  0.00000E+00  3.17143E-04  2.14618E-06
        88  3.60525E-02  8.09496E-01  0.00000E+00 -2.73916E-04  2.74615E-04  2.76822E-04  0.00000E+00  3.16998E-04  2.26031E-06
        89  3.96577E-02  8.49154E-01  0.00000E+00 -2.74029E-04  2.74644E-04  2.76902E-04  0.00000E+00  3.17002E-04  2.38586E-06
        90  4.36235E-02  8.92777E-01  0.00000E+00 -2.74097E-04  2.74640E-04  2.76951E-04  0.00000E+00  3.16377E-04  2.52369E-06
        91  4.79859E-02  9.40763E-01  0.00000E+00 -2.74123E-04  2.74604E-04  2.76971E-04  0.00000E+00  3.15902E-04  2.67508E-06
        92  5.27844E-02  9.93548E-01  0.00000E+00 -2.74231E-04  2.74669E-04  2.76962E-04  0.00000E+00  3.15087E-04  2.84118E-06
        93  5.27844E-02  1.04633E+00  0.00000E+00 -2.74028E-04  2.74588E-04  2.76936E-04  0.00000E+00  3.14062E-04  3.00673E-06
        94  5.80629E-02  1.10439E+00  0.00000E+00 -2.74093E-04  2.74598E-04  2.76887E-04  0.00000E+00  3.12717E-04  3.18806E-06
        95  5.80629E-02  1.16246E+00  0.00000E+00 -2.73884E-04  2.74488E-04  2.76831E-04  0.00000E+00  3.10523E-04  3.36812E-06
        96  6.38692E-02  1.22633E+00  0.00000E+00 -2.73956E-04  2.74495E-04  2.76757E-04  0.00000E+00  3.07377E-04  3.56418E-06
        97  6.38692E-02  1.29020E+00  0.00000E+00 -2.73703E-04  2.74367E-04  2.76681E-04  0.00000E+00  3.04417E-04  3.75835E-06
        98  7.02561E-02  1.36045E+00  0.00000E+00 -2.73628E-04  2.74224E-04  2.76595E-04  0.00000E+00  3.02566E-04  3.97064E-06
        99  7.72817E-02  1.43773E+00  0.00000E+00 -2.73738E-04  2.74281E-04  2.76494E-04  0.00000E+00  2.99393E-04  4.20171E-06
       100  7.72817E-02  1.51502E+00  0.00000E+00 -2.73369E-04  2.74130E-04  2.76399E-04  0.00000E+00  2.97110E-04  4.43102E-06
       101  8.50099E-02  1.60003E+00  0.00000E+00 -2.73576E-04  2.74264E-04  2.76292E-04  0.00000E+00  2.95336E-04  4.68175E-06
       102  8.50099E-02  1.68504E+00  0.00000E+00 -2.73128E-04  2.74109E-04  2.76193E-04  0.00000E+00  2.92775E-04  4.93031E-06
       103  9.35109E-02  1.77855E+00  0.00000E+00 -2.73169E-04  2.74051E-04  2.76082E-04  0.00000E+00  2.91063E-04  5.20212E-06
       104  9.35109E-02  1.87206E+00  0.00000E+00 -2.72906E-04  2.73890E-04  2.75977E-04  0.00000E+00  2.90218E-04  5.47315E-06
       105  1.02862E-01  1.97492E+00  0.00000E+00 -2.72828E-04  2.73715E-04  2.75864E-04  0.00000E+00  2.88624E-04  5.76964E-06
       106  1.13148E-01  2.08807E+00  0.00000E+00 -2.72719E-04  2.73526E-04  2.75744E-04  0.00000E+00  2.87762E-04  6.09480E-06
       107  1.24463E-01  2.21253E+00  0.00000E+00 -2.72586E-04  2.73322E-04  2.75618E-04  0.00000E+00  2.84386E-04  6.44829E-06
       108  1.36909E-01  2.34944E+00  0.00000E+00 -2.72723E-04  2.73396E-04  2.75474E-04  0.00000E+00  2.79890E-04  6.83097E-06
       109  1.36909E-01  2.48635E+00  0.00000E+00 -2.72237E-04  2.73192E-04  2.75343E-04  0.00000E+00  2.77631E-04  7.21057E-06
       110  1.50600E-01  2.63695E+00  0.00000E+00 -2.72106E-04  2.72972E-04  2.75203E-04  0.00000E+00  2.73865E-04  7.62247E-06
       111  1.65660E-01  2.80261E+00  0.00000E+00 -2.71952E-04  2.72736E-04  2.75054E-04  0.00000E+00  2.70329E-04  8.06970E-06
       112  1.82226E-01  2.98484E+00  0.00000E+00 -2.72224E-04  2.72941E-04  2.74885E-04  0.00000E+00  2.67710E-04  8.55689E-06
       113  1.82226E-01  3.16706E+00  0.00000E+00 -2.71618E-04  2.72711E-04  2.74731E-04  0.00000E+00  2.64378E-04  9.03802E-06
       114  2.00449E-01  3.36751E+00  0.00000E+00 -2.71670E-04  2.72645E-04  2.74558E-04  0.00000E+00  2.62320E-04  9.56314E-06
       115  2.00449E-01  3.56796E+00  0.00000E+00 -2.71264E-04  2.72409E-04  2.74398E-04  0.00000E+00  2.59714E-04  1.00830E-05
       116  2.20494E-01  3.78845E+00  0.00000E+00 -2.71125E-04  2.72153E-04  2.74227E-04  0.00000E+00  2.57797E-04  1.06507E-05
       117  2.42543E-01  4.03100E+00  0.00000E+00 -2.71078E-04  2.72004E-04  2.74039E-04  0.00000E+00  2.54476E-04  1.12671E-05
       118  2.42543E-01  4.27354E+00  0.00000E+00 -2.70699E-04  2.71743E-04  2.73866E-04  0.00000E+00  2.51247E-04  1.18757E-05
       119  2.66797E-01  4.54034E+00  0.00000E+00 -2.70528E-04  2.71462E-04  2.73679E-04  0.00000E+00  2.47963E-04  1.25364E-05
       120  2.93477E-01  4.83381E+00  0.00000E+00 -2.70655E-04  2.71491E-04  2.73458E-04  0.00000E+00  2.44492E-04  1.32529E-05
       121  2.93477E-01  5.12729E+00  0.00000E+00 -2.70039E-04  2.71208E-04  2.73267E-04  0.00000E+00  2.41894E-04  1.39619E-05
       122  3.22825E-01  5.45012E+00  0.00000E+00 -2.70009E-04  2.71062E-04  2.73056E-04  0.00000E+00  2.38518E-04  1.47309E-05
       123  3.22825E-01  5.77294E+00  0.00000E+00 -2.69562E-04  2.70776E-04  2.72866E-04  0.00000E+00  2.35806E-04  1.54911E-05
       124  3.55107E-01  6.12805E+00  0.00000E+00 -2.69765E-04  2.70861E-04  2.72629E-04  0.00000E+00  2.32507E-04  1.63157E-05
       125  3.55107E-01  6.48315E+00  0.00000E+00 -2.69091E-04  2.70575E-04  2.72432E-04  0.00000E+00  2.30347E-04  1.71326E-05
       126  3.90618E-01  6.87377E+00  0.00000E+00 -2.68932E-04  2.70265E-04  2.72222E-04  0.00000E+00  2.27331E-04  1.80194E-05
       127  4.29680E-01  7.30345E+00  0.00000E+00 -2.69324E-04  2.70520E-04  2.71973E-04  0.00000E+00  2.24444E-04  1.89825E-05
       128  4.29680E-01  7.73313E+00  0.00000E+00 -2.68432E-04  2.70212E-04  2.71758E-04  0.00000E+00  2.22129E-04  1.99357E-05
       129  4.72648E-01  8.20578E+00  0.00000E+00 -2.68272E-04  2.69876E-04  2.71532E-04  0.00000E+00  2.19603E-04  2.09722E-05
       130  5.19913E-01  8.72569E+00  0.00000E+00 -2.68057E-04  2.69512E-04  2.71292E-04  0.00000E+00  2.16856E-04  2.20982E-05
       131  5.71904E-01  9.29760E+00  0.00000E+00 -2.68121E-04  2.69443E-04  2.71008E-04  0.00000E+00  2.16002E-04  2.33319E-05
       132  5.71904E-01  9.86950E+00  0.00000E+00 -2.67437E-04  2.69088E-04  2.70772E-04  0.00000E+00  2.13226E-04  2.45497E-05
       133  6.29094E-01  1.04986E+01  0.00000E+00 -2.67226E-04  2.68702E-04  2.70521E-04  0.00000E+00  2.10829E-04  2.58743E-05
       134  6.92004E-01  1.11906E+01  0.00000E+00 -2.66970E-04  2.68284E-04  2.70251E-04  0.00000E+00  2.09829E-04  2.73244E-05
       135  7.61204E-01  1.19518E+01  0.00000E+00 -2.66669E-04  2.67836E-04  2.69966E-04  0.00000E+00  2.07680E-04  2.89031E-05
       136  8.37325E-01  1.27891E+01  0.00000E+00 -2.66330E-04  2.67358E-04  2.69665E-04  0.00000E+00  2.06524E-04  3.06301E-05
       137  9.21057E-01  1.37102E+01  0.00000E+00 -2.65957E-04  2.66852E-04  2.69346E-04  0.00000E+00  2.04675E-04  3.25128E-05
       138  1.01316E+00  1.47233E+01  0.00000E+00 -2.65695E-04  2.66479E-04  2.68988E-04  0.00000E+00  2.05576E-04  3.45929E-05
       139  1.01316E+00  1.57365E+01  0.00000E+00 -2.65211E-04  2.66137E-04  2.68651E-04  0.00000E+00  2.07089E-04  3.66882E-05
       140  1.11448E+00  1.68510E+01  0.00000E+00 -2.64656E-04  2.65624E-04  2.68329E-04  0.00000E+00  2.07449E-04  3.89971E-05
       141  1.22593E+00  1.80769E+01  0.00000E+00 -2.64235E-04  2.65075E-04  2.68007E-04  0.00000E+00  2.07825E-04  4.15415E-05
       142  1.34852E+00  1.94254E+01  0.00000E+00 -2.64019E-04  2.64736E-04  2.67618E-04  0.00000E+00  2.07064E-04  4.43301E-05
       143  1.34852E+00  2.07740E+01  0.00000E+00 -2.63253E-04  2.64206E-04  2.67303E-04  0.00000E+00  2.06610E-04  4.71126E-05
       144  1.48337E+00  2.22573E+01  0.00000E+00 -2.63166E-04  2.63967E-04  2.66901E-04  0.00000E+00  2.07276E-04  5.01832E-05
       145  1.48337E+00  2.37407E+01  0.00000E+00 -2.62728E-04  2.63847E-04  2.66523E-04  0.00000E+00  2.09598E-04  5.32882E-05
       146  1.48337E+00  2.52241E+01  0.00000E+00 -2.61862E-04  2.63378E-04  2.66229E-04  0.00000E+00  2.09655E-04  5.63940E-05
       147  1.63171E+00  2.68558E+01  0.00000E+00 -2.61545E-04  2.62850E-04  2.65900E-04  0.00000E+00  2.07293E-04  5.97719E-05
       148  1.79488E+00  2.86507E+01  0.00000E+00 -2.61369E-04  2.62494E-04  2.65514E-04  0.00000E+00  2.08655E-04  6.35121E-05
       149  1.79488E+00  3.04455E+01  0.00000E+00 -2.60849E-04  2.62164E-04  2.65152E-04  0.00000E+00  2.06060E-04  6.72057E-05
       150  1.97437E+00  3.24199E+01  0.00000E+00 -2.60262E-04  2.61593E-04  2.64793E-04  0.00000E+00  2.05311E-04  7.12539E-05
       151  2.17180E+00  3.45917E+01  0.00000E+00 -2.59843E-04  2.60965E-04  2.64398E-04  0.00000E+00  2.05223E-04  7.57051E-05
       152  2.38898E+00  3.69807E+01  0.00000E+00 -2.59349E-04  2.60292E-04  2.63981E-04  0.00000E+00  2.05078E-04  8.05978E-05
       153  2.62788E+00  3.96086E+01  0.00000E+00 -2.58949E-04  2.59757E-04  2.63520E-04  0.00000E+00  2.04339E-04  8.59605E-05
       154  2.89067E+00  4.24992E+01  0.00000E+00 -2.58157E-04  2.59039E-04  2.63096E-04  0.00000E+00  2.04492E-04  9.18638E-05
       155  3.17974E+00  4.56790E+01  0.00000E+00 -2.57727E-04  2.58468E-04  2.62593E-04  0.00000E+00  2.05347E-04  9.83847E-05
       156  3.49771E+00  4.91767E+01  0.00000E+00 -2.57640E-04  2.58475E-04  2.61964E-04  0.00000E+00  2.04462E-04  1.05527E-04
       157  3.49771E+00  5.26744E+01  0.00000E+00 -2.56493E-04  2.58116E-04  2.61516E-04  0.00000E+00  2.03931E-04  1.12650E-04
       158  3.49771E+00  5.61721E+01  0.00000E+00 -2.55730E-04  2.57494E-04  2.61101E-04  0.00000E+00  2.03590E-04  1.19762E-04
       159  3.84748E+00  6.00196E+01  0.00000E+00 -2.55324E-04  2.56763E-04  2.60610E-04  0.00000E+00  2.01503E-04  1.27504E-04
       160  4.23223E+00  6.42518E+01  0.00000E+00 -2.55398E-04  2.56567E-04  2.59970E-04  0.00000E+00  2.02407E-04  1.36059E-04
       161  4.23223E+00  6.84841E+01  0.00000E+00 -2.54124E-04  2.55870E-04  2.59496E-04  0.00000E+00  2.04427E-04  1.44700E-04
       162  4.23223E+00  7.27163E+01  0.00000E+00 -2.53781E-04  2.55394E-04  2.58983E-04  0.00000E+00  2.03252E-04  1.53290E-04
       163  4.65546E+00  7.73718E+01  0.00000E+00 -2.53053E-04  2.54652E-04  2.58478E-04  0.00000E+00  2.04005E-04  1.62775E-04
       164  5.12100E+00  8.24928E+01  0.00000E+00 -2.52715E-04  2.54069E-04  2.57851E-04  0.00000E+00  2.05080E-04  1.73263E-04
       165  5.12100E+00  8.76138E+01  0.00000E+00 -2.51773E-04  2.53325E-04  2.57342E-04  0.00000E+00  2.05198E-04  1.83757E-04
       166  5.63310E+00  9.32469E+01  0.00000E+00 -2.51180E-04  2.52476E-04  2.56761E-04  0.00000E+00  2.07599E-04  1.95436E-04
       167  6.19641E+00  9.94433E+01  0.00000E+00 -2.50692E-04  2.51759E-04  2.56070E-04  0.00000E+00  2.06289E-04  2.08202E-04
       168  6.81605E+00  1.06259E+02  0.00000E+00 -2.50285E-04  2.51363E-04  2.55285E-04  0.00000E+00  2.05901E-04  2.22217E-04
       169  7.49766E+00  1.13757E+02  0.00000E+00 -2.48951E-04  2.50452E-04  2.54688E-04  0.00000E+00  2.06659E-04  2.37691E-04
       170  8.24742E+00  1.22004E+02  0.00000E+00 -2.48704E-04  2.49976E-04  2.53758E-04  0.00000E+00  2.06575E-04  2.54706E-04
       171  8.24742E+00  1.30252E+02  0.00000E+00 -2.47171E-04  2.49157E-04  2.53206E-04  0.00000E+00  2.04357E-04  2.71538E-04
       172  9.07216E+00  1.39324E+02  0.00000E+00 -2.46872E-04  2.48539E-04  2.52369E-04  0.00000E+00  2.02471E-04  2.89882E-04
       173  9.07216E+00  1.48396E+02  0.00000E+00 -2.45559E-04  2.47685E-04  2.51796E-04  0.00000E+00  2.02720E-04  3.08249E-04
       174  9.97938E+00  1.58376E+02  0.00000E+00 -2.44843E-04  2.46604E-04  2.51089E-04  0.00000E+00  2.02284E-04  3.28409E-04
       175  9.97938E+00  1.68355E+02  0.00000E+00 -2.43960E-04  2.45568E-04  2.50420E-04  0.00000E+00  2.01514E-04  3.48492E-04
       176  1.00000E+01  1.78355E+02  0.00000E+00 -2.43118E-04  2.44552E-04  2.49777E-04  0.00000E+00  2.00816E-04  3.68547E-04
       177  1.00000E+01  1.88355E+02  0.00000E+00 -2.42821E-04  2.44089E-04  2.48948E-04  0.00000E+00  1.99339E-04  3.88454E-04
       178  1.00000E+01  1.98355E+02  0.00000E+00 -2.41480E-04  2.43387E-04  2.48377E-04  0.00000E+00  2.00488E-04  4.08476E-04
       179  1.00000E+01  2.08355E+02  0.00000E+00 -2.40880E-04  2.42785E-04  2.47758E-04  0.00000E+00  1.99747E-04  4.28424E-04
       180  1.00000E+01  2.18355E+02  0.00000E+00 -2.39918E-04  2.41980E-04  2.47234E-04  0.00000E+00  2.00326E-04  4.48430E-04
       181  1.00000E+01  2.28355E+02  0.00000E+00 -2.39630E-04  2.41517E-04  2.46576E-04  0.00000E+00  1.98406E-04  4.68245E-04
       182  1.00000E+01  2.38355E+02  0.00000E+00 -2.39233E-04  2.41453E-04  2.45789E-04  0.00000E+00  1.98259E-04  4.88044E-04
       183  1.00000E+01  2.48355E+02  0.00000E+00 -2.37821E-04  2.40829E-04  2.45357E-04  0.00000E+00  1.96415E-04  5.07660E-04
       184  1.00000E+01  2.58355E+02  0.00000E+00 -2.37644E-04  2.40358E-04  2.44750E-04  0.00000E+00  1.98090E-04  5.27443E-04
       185  1.00000E+01  2.68355E+02  0.00000E+00 -2.37046E-04  2.39794E-04  2.44096E-04  0.00000E+00  1.97952E-04  5.47211E-04
       186  1.00000E+01  2.78355E+02  0.00000E+00 -2.36942E-04  2.39750E-04  2.43411E-04  0.00000E+00  1.97500E-04  5.66935E-04
       187  1.00000E+01  2.88355E+02  0.00000E+00 -2.35693E-04  2.39094E-04  2.42962E-04  0.00000E+00  1.97437E-04  5.86653E-04
       188  1.00000E+01  2.98355E+02  0.00000E+00 -2.35291E-04  2.38336E-04  2.42455E-04  0.00000E+00  1.96212E-04  6.06248E-04
       189  1.00000E+01  3.08355E+02  0.00000E+00 -2.34792E-04  2.37543E-04  2.41933E-04  0.00000E+00  1.96268E-04  6.25849E-04
       190  1.00000E+01  3.18355E+02  0.00000E+00 -2.34277E-04  2.36749E-04  2.41416E-04  0.00000E+00  1.94625E-04  6.45285E-04
       191  1.00000E+01  3.28355E+02  0.00000E+00 -2.33764E-04  2.35957E-04  2.40931E-04  0.00000E+00  1.94413E-04  6.64701E-04
       192  1.00000E+01  3.38355E+02  0.00000E+00 -2.33243E-04  2.35170E-04  2.40459E-04  0.00000E+00  1.94794E-04  6.84154E-04
       193  1.00000E+01  3.48355E+02  0.00000E+00 -2.32726E-04  2.34399E-04  2.39999E-04  0.00000E+00  1.94474E-04  7.03576E-04
       194  1.00000E+01  3.58355E+02  0.00000E+00 -2.32210E-04  2.33659E-04  2.39561E-04  0.00000E+00  1.92932E-04  7.22844E-04
       195  1.00000E+01  3.68355E+02  0.00000E+00 -2.31940E-04  2.33239E-04  2.39021E-04  0.00000E+00  1.93001E-04  7.42118E-04
       196  1.00000E+01  3.78355E+02  0.00000E+00 -2.31050E-04  2.32632E-04  2.38649E-04  0.00000E+00  1.91188E-04  7.61211E-04
       197  1.00000E+01  3.88355E+02  0.00000E+00 -2.30571E-04  2.31971E-04  2.38243E-04  0.00000E+00  1.92170E-04  7.80403E-04
       198  1.00000E+01  3.98355E+02  0.00000E+00 -2.30055E-04  2.31304E-04  2.37833E-04  0.00000E+00  1.90568E-04  7.99435E-04
       199  1.00000E+01  4.08355E+02  0.00000E+00 -2.29798E-04  2.30924E-04  2.37308E-04  0.00000E+00  1.90865E-04  8.18496E-04
       200  1.00000E+01  4.18355E+02  0.00000E+00 -2.28956E-04  2.30367E-04  2.36952E-04  0.00000E+00  1.90296E-04  8.37500E-04
       201  1.00000E+01  4.28355E+02  0.00000E+00 -2.28490E-04  2.29768E-04  2.36567E-04  0.00000E+00  1.91542E-04  8.56629E-04
       202  1.00000E+01  4.38355E+02  0.00000E+00 -2.28005E-04  2.29156E-04  2.36174E-04  0.00000E+00  1.91441E-04  8.75747E-04
       203  1.00000E+01  4.48355E+02  0.00000E+00 -2.28158E-04  2.29185E-04  2.35572E-04  0.00000E+00  1.89880E-04  8.94710E-04
       204  1.00000E+01  4.58355E+02  0.00000E+00 -2.26922E-04  2.28784E-04  2.35275E-04  0.00000E+00  1.90458E-04  9.13731E-04
       205  1.00000E+01  4.68355E+02  0.00000E+00 -2.27419E-04  2.29085E-04  2.34694E-04  0.00000E+00  1.87633E-04  9.32469E-04
       206  1.00000E+01  4.78355E+02  0.00000E+00 -2.26050E-04  2.28706E-04  2.34424E-04  0.00000E+00  1.90244E-04  9.51468E-04
       207  1.00000E+01  4.88355E+02  0.00000E+00 -2.26204E-04  2.28638E-04  2.33933E-04  0.00000E+00  1.88493E-04  9.70293E-04
       208  1.00000E+01  4.98355E+02  0.00000E+00 -2.25316E-04  2.28151E-04  2.33630E-04  0.00000E+00  1.88643E-04  9.89132E-04
       209  1.00000E+01  5.08355E+02  0.00000E+00 -2.24986E-04  2.27577E-04  2.33276E-04  0.00000E+00  1.87574E-04  1.00786E-03
       210  1.00000E+01  5.18355E+02  0.00000E+00 -2.24605E-04  2.26960E-04  2.32898E-04  0.00000E+00  1.88245E-04  1.02666E-03
       211  1.00000E+01  5.28355E+02  0.00000E+00 -2.24558E-04  2.26682E-04  2.32409E-04  0.00000E+00  1.86397E-04  1.04528E-03
       212  1.00000E+01  5.38355E+02  0.00000E+00 -2.23771E-04  2.26159E-04  2.32070E-04  0.00000E+00  1.86269E-04  1.06388E-03
       213  1.00000E+01  5.48355E+02  0.00000E+00 -2.23429E-04  2.25578E-04  2.31714E-04  0.00000E+00  1.86132E-04  1.08247E-03
       214  1.00000E+01  5.58355E+02  0.00000E+00 -2.23057E-04  2.24973E-04  2.31352E-04  0.00000E+00  1.86151E-04  1.10106E-03
       215  1.00000E+01  5.68355E+02  0.00000E+00 -2.22664E-04  2.24364E-04  2.30995E-04  0.00000E+00  1.86561E-04  1.11969E-03
       216  1.00000E+01  5.78355E+02  0.00000E+00 -2.23735E-04  2.25235E-04  2.30132E-04  0.00000E+00  1.86133E-04  1.13828E-03
       217  1.00000E+01  5.88355E+02  0.00000E+00 -2.21739E-04  2.24978E-04  2.29981E-04  0.00000E+00  1.85437E-04  1.15680E-03
       218  1.00000E+01  5.98355E+02  0.00000E+00 -2.21628E-04  2.24510E-04  2.29707E-04  0.00000E+00  1.85046E-04  1.17528E-03
       219  1.00000E+01  6.08355E+02  0.00000E+00 -2.21722E-04  2.24287E-04  2.29287E-04  0.00000E+00  1.84344E-04  1.19369E-03
       220  1.00000E+01  6.18355E+02  0.00000E+00 -2.21161E-04  2.23715E-04  2.28931E-04  0.00000E+00  1.84016E-04  1.21207E-03
       221  1.00000E+01  6.28355E+02  0.00000E+00 -2.20895E-04  2.23121E-04  2.28564E-04  0.00000E+00  1.83399E-04  1.23038E-03
       222  1.00000E+01  6.38355E+02  0.00000E+00 -2.20585E-04  2.22525E-04  2.28196E-04  0.00000E+00  1.83913E-04  1.24875E-03
       223  1.00000E+01  6.48355E+02  0.00000E+00 -2.20261E-04  2.21935E-04  2.27831E-04  0.00000E+00  1.83360E-04  1.26706E-03
       224  1.00000E+01  6.58355E+02  0.00000E+00 -2.19896E-04  2.21363E-04  2.27476E-04  0.00000E+00  1.83170E-04  1.28535E-03
       225  1.00000E+01  6.68355E+02  0.00000E+00 -2.20354E-04  2.21636E-04  2.26975E-04  0.00000E+00  1.83297E-04  1.30366E-03
       226  1.00000E+01  6.78355E+02  0.00000E+00 -2.19425E-04  2.21554E-04  2.26566E-04  0.00000E+00  1.82399E-04  1.32187E-03
       227  1.00000E+01  6.88355E+02  0.00000E+00 -2.19169E-04  2.21504E-04  2.26188E-04  0.00000E+00  1.82430E-04  1.34009E-03
       228  1.00000E+01  6.98355E+02  0.00000E+00 -2.18518E-04  2.21120E-04  2.25956E-04  0.00000E+00  1.82013E-04  1.35827E-03
       229  1.00000E+01  7.08355E+02  0.00000E+00 -2.18259E-04  2.20636E-04  2.25665E-04  0.00000E+00  1.82576E-04  1.37650E-03
       230  1.00000E+01  7.18355E+02  0.00000E+00 -2.17950E-04  2.20114E-04  2.25352E-04  0.00000E+00  1.81792E-04  1.39466E-03
       231  1.00000E+01  7.28355E+02  0.00000E+00 -2.17618E-04  2.19589E-04  2.25035E-04  0.00000E+00  1.80514E-04  1.41269E-03
       232  1.00000E+01  7.38355E+02  0.00000E+00 -2.17653E-04  2.19463E-04  2.24589E-04  0.00000E+00  1.79813E-04  1.43064E-03
       233  1.00000E+01  7.48355E+02  0.00000E+00 -2.16848E-04  2.19061E-04  2.24346E-04  0.00000E+00  1.81160E-04  1.44874E-03
       234  1.00000E+01  7.58355E+02  0.00000E+00 -2.16571E-04  2.18595E-04  2.24064E-04  0.00000E+00  1.80784E-04  1.46679E-03
       235  1.00000E+01  7.68355E+02  0.00000E+00 -2.16258E-04  2.18102E-04  2.23773E-04  0.00000E+00  1.79576E-04  1.48472E-03
       236  1.00000E+01  7.78355E+02  0.00000E+00 -2.15929E-04  2.17601E-04  2.23479E-04  0.00000E+00  1.79612E-04  1.50266E-03
       237  1.00000E+01  7.88355E+02  0.00000E+00 -2.15597E-04  2.17100E-04  2.23185E-04  0.00000E+00  1.80463E-04  1.52068E-03
       238  1.00000E+01  7.98355E+02  0.00000E+00 -2.15271E-04  2.16612E-04  2.22896E-04  0.00000E+00  1.79468E-04  1.53861E-03
       239  1.00000E+01  8.08355E+02  0.00000E+00 -2.15296E-04  2.16479E-04  2.22485E-04  0.00000E+00  1.79977E-04  1.55658E-03
       240  1.00000E+01  8.18355E+02  0.00000E+00 -2.14596E-04  2.16090E-04  2.22248E-04  0.00000E+00  1.79374E-04  1.57449E-03
       241  1.00000E+01  8.28355E+02  0.00000E+00 -2.14338E-04  2.15640E-04  2.21977E-04  0.00000E+00  1.79301E-04  1.59240E-03
       242  1.00000E+01  8.38355E+02  0.00000E+00 -2.14032E-04  2.15174E-04  2.21694E-04  0.00000E+00  1.78579E-04  1.61023E-03
       243  1.00000E+01  8.48355E+02  0.00000E+00 -2.13692E-04  2.14711E-04  2.21410E-04  0.00000E+00  1.78142E-04  1.62802E-03
       244  1.00000E+01  8.58355E+02  0.00000E+00 -2.13319E-04  2.14259E-04  2.21130E-04  0.00000E+00  1.78032E-04  1.64580E-03
       245  1.00000E+01  8.68355E+02  0.00000E+00 -2.12952E-04  2.13816E-04  2.20854E-04  0.00000E+00  1.77747E-04  1.66356E-03
       246  1.00000E+01  8.78355E+02  0.00000E+00 -2.12591E-04  2.13380E-04  2.20588E-04  0.00000E+00  1.76891E-04  1.68122E-03
       247  1.00000E+01  8.88355E+02  0.00000E+00 -2.12233E-04  2.12949E-04  2.20323E-04  0.00000E+00  1.76388E-04  1.69884E-03
       248  1.00000E+01  8.98355E+02  0.00000E+00 -2.12351E-04  2.12998E-04  2.19914E-04  0.00000E+00  1.78073E-04  1.71662E-03
       249  1.00000E+01  9.08355E+02  0.00000E+00 -2.11471E-04  2.12693E-04  2.19727E-04  0.00000E+00  1.77050E-04  1.73430E-03
       250  1.00000E+01  9.18355E+02  0.00000E+00 -2.11204E-04  2.12316E-04  2.19497E-04  0.00000E+00  1.76505E-04  1.75193E-03
       251  1.00000E+01  9.28355E+02  0.00000E+00 -2.10881E-04  2.11911E-04  2.19248E-04  0.00000E+00  1.76494E-04  1.76955E-03
       252  1.00000E+01  9.38355E+02  0.00000E+00 -2.11458E-04  2.12408E-04  2.18780E-04  0.00000E+00  1.75612E-04  1.78709E-03
       253  1.00000E+01  9.48355E+02  0.00000E+00 -2.10107E-04  2.12221E-04  2.18612E-04  0.00000E+00  1.75799E-04  1.80465E-03
       254  1.00000E+01  9.58355E+02  0.00000E+00 -2.10287E-04  2.12231E-04  2.18271E-04  0.00000E+00  1.74949E-04  1.82212E-03
       255  1.00000E+01  9.68355E+02  0.00000E+00 -2.10234E-04  2.12518E-04  2.17909E-04  0.00000E+00  1.74767E-04  1.83957E-03
       256  1.00000E+01  9.78355E+02  0.00000E+00 -2.09328E-04  2.12271E-04  2.17767E-04  0.00000E+00  1.75786E-04  1.85713E-03
       257  1.00000E+01  9.88355E+02  0.00000E+00 -2.09168E-04  2.11904E-04  2.17551E-04  0.00000E+00  1.75338E-04  1.87464E-03
       258  1.00000E+01  9.98355E+02  0.00000E+00 -2.08941E-04  2.11482E-04  2.17302E-04  0.00000E+00  1.75305E-04  1.89215E-03
       259  1.00000E+01  1.00835E+03  0.00000E+00 -2.09155E-04  2.11509E-04  2.16923E-04  0.00000E+00  1.73840E-04  1.90951E-03
       260  1.00000E+01  1.01835E+03  0.00000E+00 -2.08839E-04  2.11539E-04  2.16565E-04  0.00000E+00  1.73612E-04  1.92685E-03
       261  1.00000E+01  1.02835E+03  0.00000E+00 -2.08219E-04  2.11220E-04  2.16363E-04  0.00000E+00  1.73898E-04  1.94421E-03
       262  1.00000E+01  1.03835E+03  0.00000E+00 -2.08399E-04  2.11106E-04  2.16021E-04  0.00000E+00  1.74037E-04  1.96159E-03
       263  1.00000E+01  1.04835E+03  0.00000E+00 -2.07956E-04  2.10670E-04  2.15746E-04  0.00000E+00  1.73606E-04  1.97893E-03
       264  1.00000E+01  1.05835E+03  0.00000E+00 -2.07812E-04  2.10206E-04  2.15448E-04  0.00000E+00  1.72452E-04  1.99615E-03
       265  1.00000E+01  1.06835E+03  0.00000E+00 -2.08369E-04  2.10469E-04  2.14877E-04  0.00000E+00  1.70728E-04  2.01320E-03
       266  1.00000E+01  1.07835E+03  0.00000E+00 -2.07338E-04  2.10196E-04  2.14691E-04  0.00000E+00  1.70105E-04  2.03019E-03
       267  1.00000E+01  1.08835E+03  0.00000E+00 -2.07273E-04  2.09781E-04  2.14431E-04  0.00000E+00  1.71075E-04  2.04728E-03
       268  1.00000E+01  1.09835E+03  0.00000E+00 -2.07122E-04  2.09302E-04  2.14132E-04  0.00000E+00  1.71645E-04  2.06442E-03
       269  1.00000E+01  1.10835E+03  0.00000E+00 -2.06941E-04  2.08810E-04  2.13825E-04  0.00000E+00  1.71109E-04  2.08151E-03
       270  1.00000E+01  1.11835E+03  0.00000E+00 -2.06746E-04  2.08316E-04  2.13517E-04  0.00000E+00  1.70543E-04  2.09854E-03
       271  1.00000E+01  1.12835E+03  0.00000E+00 -2.06513E-04  2.07834E-04  2.13226E-04  0.00000E+00  1.69803E-04  2.11550E-03
       272  1.00000E+01  1.13835E+03  0.00000E+00 -2.06203E-04  2.07381E-04  2.12956E-04  0.00000E+00  1.69906E-04  2.13246E-03
       273  1.00000E+01  1.14835E+03  0.00000E+00 -2.06740E-04  2.07786E-04  2.12530E-04  0.00000E+00  1.69378E-04  2.14938E-03
       274  1.00000E+01  1.15835E+03  0.00000E+00 -2.05574E-04  2.07503E-04  2.12316E-04  0.00000E+00  1.68714E-04  2.16623E-03
       275  1.00000E+01  1.16835E+03  0.00000E+00 -2.05421E-04  2.07142E-04  2.12084E-04  0.00000E+00  1.68556E-04  2.18306E-03
       276  1.00000E+01  1.17835E+03  0.00000E+00 -2.05216E-04  2.06742E-04  2.11843E-04  0.00000E+00  1.68371E-04  2.19988E-03
       277  1.00000E+01  1.18835E+03  0.00000E+00 -2.04991E-04  2.06328E-04  2.11600E-04  0.00000E+00  1.67858E-04  2.21664E-03
       278  1.00000E+01  1.19835E+03  0.00000E+00 -2.04754E-04  2.05911E-04  2.11356E-04  0.00000E+00  1.68929E-04  2.23351E-03
       279  1.00000E+01  1.20835E+03  0.00000E+00 -2.04504E-04  2.05499E-04  2.11116E-04  0.00000E+00  1.68005E-04  2.25029E-03
       280  1.00000E+01  1.21835E+03  0.00000E+00 -2.04245E-04  2.05093E-04  2.10883E-04  0.00000E+00  1.68924E-04  2.26716E-03
       281  1.00000E+01  1.22835E+03  0.00000E+00 -2.03985E-04  2.04695E-04  2.10664E-04  0.00000E+00  1.68995E-04  2.28404E-03
       282  1.00000E+01  1.23835E+03  0.00000E+00 -2.03714E-04  2.04306E-04  2.10450E-04  0.00000E+00  1.68481E-04  2.30086E-03
       283  1.00000E+01  1.24835E+03  0.00000E+00 -2.03417E-04  2.03932E-04  2.10240E-04  0.00000E+00  1.68670E-04  2.31771E-03
       284  1.00000E+01  1.25835E+03  0.00000E+00 -2.03126E-04  2.03570E-04  2.10035E-04  0.00000E+00  1.67873E-04  2.33447E-03
       285  1.00000E+01  1.26835E+03  0.00000E+00 -2.02844E-04  2.03219E-04  2.09836E-04  0.00000E+00  1.67206E-04  2.35117E-03
       286  1.00000E+01  1.27835E+03  0.00000E+00 -2.02564E-04  2.02873E-04  2.09639E-04  0.00000E+00  1.66578E-04  2.36781E-03
       287  1.00000E+01  1.28835E+03  0.00000E+00 -2.02294E-04  2.02539E-04  2.09447E-04  0.00000E+00  1.65620E-04  2.38435E-03
       288  1.00000E+01  1.29835E+03  0.00000E+00 -2.02495E-04  2.02678E-04  2.09108E-04  0.00000E+00  1.65366E-04  2.40086E-03
       289  1.00000E+01  1.30835E+03  0.00000E+00 -2.01711E-04  2.02456E-04  2.08978E-04  0.00000E+00  1.65728E-04  2.41741E-03
       290  1.00000E+01  1.31835E+03  0.00000E+00 -2.01898E-04  2.02555E-04  2.08673E-04  0.00000E+00  1.66051E-04  2.43399E-03
       291  1.00000E+01  1.32835E+03  0.00000E+00 -2.01586E-04  2.02708E-04  2.08405E-04  0.00000E+00  1.65199E-04  2.45049E-03
       292  1.00000E+01  1.33835E+03  0.00000E+00 -2.01001E-04  2.02510E-04  2.08283E-04  0.00000E+00  1.64607E-04  2.46693E-03
       293  1.00000E+01  1.34835E+03  0.00000E+00 -2.00824E-04  2.02210E-04  2.08099E-04  0.00000E+00  1.64644E-04  2.48337E-03
       294  1.00000E+01  1.35835E+03  0.00000E+00 -2.00597E-04  2.01872E-04  2.07894E-04  0.00000E+00  1.63992E-04  2.49975E-03
       295  1.00000E+01  1.36835E+03  0.00000E+00 -2.00353E-04  2.01523E-04  2.07681E-04  0.00000E+00  1.63646E-04  2.51609E-03
       296  1.00000E+01  1.37835E+03  0.00000E+00 -2.00459E-04  2.01529E-04  2.07332E-04  0.00000E+00  1.63924E-04  2.53246E-03
       297  1.00000E+01  1.38835E+03  0.00000E+00 -1.99793E-04  2.01283E-04  2.07179E-04  0.00000E+00  1.64237E-04  2.54887E-03
       298  1.00000E+01  1.39835E+03  0.00000E+00 -1.99614E-04  2.00969E-04  2.06983E-04  0.00000E+00  1.63960E-04  2.56524E-03
       299  1.00000E+01  1.40835E+03  0.00000E+00 -1.99395E-04  2.00624E-04  2.06768E-04  0.00000E+00  1.63591E-04  2.58158E-03
       300  1.00000E+01  1.41835E+03  0.00000E+00 -1.99162E-04  2.00270E-04  2.06546E-04  0.00000E+00  1.63628E-04  2.59792E-03
       301  1.00000E+01  1.42835E+03  0.00000E+00 -1.98927E-04  1.99918E-04  2.06326E-04  0.00000E+00  1.62948E-04  2.61419E-03
       302  1.00000E+01  1.43835E+03  0.00000E+00 -1.98689E-04  1.99569E-04  2.06107E-04  0.00000E+00  1.62655E-04  2.63044E-03
       303  1.00000E+01  1.44835E+03  0.00000E+00 -1.98449E-04  1.99222E-04  2.05889E-04  0.00000E+00  1.62262E-04  2.64664E-03
       304  1.00000E+01  1.45835E+03  0.00000E+00 -1.98209E-04  1.98877E-04  2.05681E-04  0.00000E+00  1.62318E-04  2.66285E-03
       305  1.00000E+01  1.46835E+03  0.00000E+00 -1.97967E-04  1.98535E-04  2.05474E-04  0.00000E+00  1.62557E-04  2.67908E-03
       306  1.00000E+01  1.47835E+03  0.00000E+00 -1.97724E-04  1.98195E-04  2.05270E-04  0.00000E+00  1.62039E-04  2.69527E-03
       307  1.00000E+01  1.48835E+03  0.00000E+00 -1.97481E-04  1.97858E-04  2.05066E-04  0.00000E+00  1.62072E-04  2.71145E-03
       308  1.00000E+01  1.49835E+03  0.00000E+00 -1.97237E-04  1.97522E-04  2.04863E-04  0.00000E+00  1.62233E-04  2.72765E-03
       309  1.00000E+01  1.50835E+03  0.00000E+00 -1.96994E-04  1.97191E-04  2.04662E-04  0.00000E+00  1.62213E-04  2.74385E-03
       310  1.00000E+01  1.51835E+03  0.00000E+00 -1.96736E-04  1.96863E-04  2.04464E-04  0.00000E+00  1.62492E-04  2.76008E-03
       311  1.00000E+01  1.52835E+03  0.00000E+00 -1.96465E-04  1.96550E-04  2.04273E-04  0.00000E+00  1.62023E-04  2.77626E-03
       312  1.00000E+01  1.53835E+03  0.00000E+00 -1.96664E-04  1.96727E-04  2.03891E-04  0.00000E+00  1.61311E-04  2.79237E-03
       313  1.00000E+01  1.54835E+03  0.00000E+00 -1.95852E-04  1.96556E-04  2.03780E-04  0.00000E+00  1.60577E-04  2.80841E-03
       314  1.00000E+01  1.55835E+03  0.00000E+00 -1.96081E-04  1.96720E-04  2.03519E-04  0.00000E+00  1.60688E-04  2.82446E-03
       315  1.00000E+01  1.56835E+03  0.00000E+00 -1.95465E-04  1.96512E-04  2.03378E-04  0.00000E+00  1.60333E-04  2.84047E-03
       316  1.00000E+01  1.57835E+03  0.00000E+00 -1.95295E-04  1.96237E-04  2.03196E-04  0.00000E+00  1.60320E-04  2.85648E-03
       317  1.00000E+01  1.58835E+03  0.00000E+00 -1.95361E-04  1.96204E-04  2.02935E-04  0.00000E+00  1.59485E-04  2.87241E-03
       318  1.00000E+01  1.59835E+03  0.00000E+00 -1.95898E-04  1.96914E-04  2.02452E-04  0.00000E+00  1.58266E-04  2.88821E-03
       319  1.00000E+01  1.60835E+03  0.00000E+00 -1.94601E-04  1.96870E-04  2.02419E-04  0.00000E+00  1.58407E-04  2.90403E-03
       320  1.00000E+01  1.61835E+03  0.00000E+00 -1.94590E-04  1.96658E-04  2.02280E-04  0.00000E+00  1.57745E-04  2.91979E-03
       321  1.00000E+01  1.62835E+03  0.00000E+00 -1.94471E-04  1.96364E-04  2.02089E-04  0.00000E+00  1.58089E-04  2.93557E-03
       322  1.00000E+01  1.63835E+03  0.00000E+00 -1.94310E-04  1.96043E-04  2.01882E-04  0.00000E+00  1.57590E-04  2.95131E-03
       323  1.00000E+01  1.64835E+03  0.00000E+00 -1.94510E-04  1.96095E-04  2.01539E-04  0.00000E+00  1.58583E-04  2.96715E-03
       324  1.00000E+01  1.65835E+03  0.00000E+00 -1.93885E-04  1.95872E-04  2.01392E-04  0.00000E+00  1.58339E-04  2.98296E-03
       325  1.00000E+01  1.66835E+03  0.00000E+00 -1.93764E-04  1.95580E-04  2.01205E-04  0.00000E+00  1.57578E-04  2.99870E-03
       326  1.00000E+01  1.67835E+03  0.00000E+00 -1.93600E-04  1.95259E-04  2.01000E-04  0.00000E+00  1.56774E-04  3.01436E-03
       327  1.00000E+01  1.68835E+03  0.00000E+00 -1.93418E-04  1.94927E-04  2.00801E-04  0.00000E+00  1.56752E-04  3.03001E-03
       328  1.00000E+01  1.69835E+03  0.00000E+00 -1.93676E-04  1.95043E-04  2.00463E-04  0.00000E+00  1.56606E-04  3.04565E-03
       329  1.00000E+01  1.70835E+03  0.00000E+00 -1.92964E-04  1.94825E-04  2.00334E-04  0.00000E+00  1.56041E-04  3.06123E-03
       330  1.00000E+01  1.71835E+03  0.00000E+00 -1.92827E-04  1.94539E-04  2.00165E-04  0.00000E+00  1.56590E-04  3.07687E-03
       331  1.00000E+01  1.72835E+03  0.00000E+00 -1.92653E-04  1.94223E-04  1.99978E-04  0.00000E+00  1.55966E-04  3.09245E-03
       332  1.00000E+01  1.73835E+03  0.00000E+00 -1.92462E-04  1.93897E-04  1.99784E-04  0.00000E+00  1.57102E-04  3.10814E-03
       333  1.00000E+01  1.74835E+03  0.00000E+00 -1.92266E-04  1.93570E-04  1.99590E-04  0.00000E+00  1.56734E-04  3.12379E-03
       334  1.00000E+01  1.75835E+03  0.00000E+00 -1.92862E-04  1.94039E-04  1.99204E-04  0.00000E+00  1.55987E-04  3.13937E-03
       335  1.00000E+01  1.76835E+03  0.00000E+00 -1.91807E-04  1.93853E-04  1.99088E-04  0.00000E+00  1.55390E-04  3.15489E-03
       336  1.00000E+01  1.77835E+03  0.00000E+00 -1.92088E-04  1.93949E-04  1.98787E-04  0.00000E+00  1.55243E-04  3.17039E-03
       337  1.00000E+01  1.78835E+03  0.00000E+00 -1.91538E-04  1.93736E-04  1.98652E-04  0.00000E+00  1.55465E-04  3.18591E-03
       338  1.00000E+01  1.79835E+03  0.00000E+00 -1.91436E-04  1.93444E-04  1.98466E-04  0.00000E+00  1.55726E-04  3.20147E-03
       339  1.00000E+01  1.80835E+03  0.00000E+00 -1.91292E-04  1.93120E-04  1.98261E-04  0.00000E+00  1.55533E-04  3.21700E-03
       340  1.00000E+01  1.81835E+03  0.00000E+00 -1.91129E-04  1.92786E-04  1.98048E-04  0.00000E+00  1.55142E-04  3.23249E-03
       341  1.00000E+01  1.82835E+03  0.00000E+00 -1.91337E-04  1.92849E-04  1.97696E-04  0.00000E+00  1.54816E-04  3.24795E-03
       342  1.00000E+01  1.83835E+03  0.00000E+00 -1.90702E-04  1.92631E-04  1.97567E-04  0.00000E+00  1.54858E-04  3.26342E-03
       343  1.00000E+01  1.84835E+03  0.00000E+00 -1.90593E-04  1.92344E-04  1.97394E-04  0.00000E+00  1.54334E-04  3.27883E-03
       344  1.00000E+01  1.85835E+03  0.00000E+00 -1.90443E-04  1.92025E-04  1.97201E-04  0.00000E+00  1.53980E-04  3.29421E-03
       345  1.00000E+01  1.86835E+03  0.00000E+00 -1.90271E-04  1.91700E-04  1.97004E-04  0.00000E+00  1.53844E-04  3.30957E-03
       346  1.00000E+01  1.87835E+03  0.00000E+00 -1.90087E-04  1.91379E-04  1.96808E-04  0.00000E+00  1.53257E-04  3.32488E-03
       347  1.00000E+01  1.88835E+03  0.00000E+00 -1.89901E-04  1.91059E-04  1.96613E-04  0.00000E+00  1.53185E-04  3.34018E-03
       348  1.00000E+01  1.89835E+03  0.00000E+00 -1.89713E-04  1.90743E-04  1.96421E-04  0.00000E+00  1.53310E-04  3.35549E-03
       349  1.00000E+01  1.90835E+03  0.00000E+00 -1.90260E-04  1.91165E-04  1.96012E-04  0.00000E+00  1.53063E-04  3.37077E-03
       350  1.00000E+01  1.91835E+03  0.00000E+00 -1.89219E-04  1.91019E-04  1.95921E-04  0.00000E+00  1.52581E-04  3.38601E-03
       351  1.00000E+01  1.92835E+03  0.00000E+00 -1.89140E-04  1.90784E-04  1.95773E-04  0.00000E+00  1.52155E-04  3.40121E-03
       352  1.00000E+01  1.93835E+03  0.00000E+00 -1.89006E-04  1.90504E-04  1.95595E-04  0.00000E+00  1.51478E-04  3.41633E-03
       353  1.00000E+01  1.94835E+03  0.00000E+00 -1.88846E-04  1.90206E-04  1.95407E-04  0.00000E+00  1.51187E-04  3.43143E-03
       354  1.00000E+01  1.95835E+03  0.00000E+00 -1.88665E-04  1.89906E-04  1.95218E-04  0.00000E+00  1.51219E-04  3.44654E-03
       355  1.00000E+01  1.96835E+03  0.00000E+00 -1.88473E-04  1.89610E-04  1.95031E-04  0.00000E+00  1.50902E-04  3.46161E-03
       356  1.00000E+01  1.97835E+03  0.00000E+00 -1.88277E-04  1.89317E-04  1.94847E-04  0.00000E+00  1.50529E-04  3.47664E-03
       357  1.00000E+01  1.98835E+03  0.00000E+00 -1.88081E-04  1.89028E-04  1.94672E-04  0.00000E+00  1.50795E-04  3.49170E-03
       358  1.00000E+01  1.99835E+03  0.00000E+00 -1.87863E-04  1.88745E-04  1.94500E-04  0.00000E+00  1.50230E-04  3.50670E-03
       359  1.00000E+01  2.00835E+03  0.00000E+00 -1.87633E-04  1.88472E-04  1.94334E-04  0.00000E+00  1.49821E-04  3.52166E-03
       360  1.00000E+01  2.01835E+03  0.00000E+00 -1.87407E-04  1.88205E-04  1.94173E-04  0.00000E+00  1.49653E-04  3.53661E-03
       361  1.00000E+01  2.02835E+03  0.00000E+00 -1.87560E-04  1.88318E-04  1.93884E-04  0.00000E+00  1.49153E-04  3.55150E-03
       362  1.00000E+01  2.03835E+03  0.00000E+00 -1.86905E-04  1.88163E-04  1.93789E-04  0.00000E+00  1.49895E-04  3.56647E-03
       363  1.00000E+01  2.04835E+03  0.00000E+00 -1.86755E-04  1.87941E-04  1.93654E-04  0.00000E+00  1.49241E-04  3.58138E-03
       364  1.00000E+01  2.05835E+03  0.00000E+00 -1.86560E-04  1.87692E-04  1.93502E-04  0.00000E+00  1.48693E-04  3.59623E-03
       365  1.00000E+01  2.06835E+03  0.00000E+00 -1.86353E-04  1.87434E-04  1.93343E-04  0.00000E+00  1.49976E-04  3.61121E-03
       366  1.00000E+01  2.07835E+03  0.00000E+00 -1.86143E-04  1.87177E-04  1.93185E-04  0.00000E+00  1.49315E-04  3.62612E-03
       367  1.00000E+01  2.08835E+03  0.00000E+00 -1.85934E-04  1.86921E-04  1.93027E-04  0.00000E+00  1.49154E-04  3.64101E-03
       368  1.00000E+01  2.09835E+03  0.00000E+00 -1.85724E-04  1.86668E-04  1.92871E-04  0.00000E+00  1.48511E-04  3.65584E-03
       369  1.00000E+01  2.10835E+03  0.00000E+00 -1.85941E-04  1.86842E-04  1.92557E-04  0.00000E+00  1.48547E-04  3.67068E-03
       370  1.00000E+01  2.11835E+03  0.00000E+00 -1.85232E-04  1.86710E-04  1.92474E-04  0.00000E+00  1.48568E-04  3.68552E-03
       371  1.00000E+01  2.12835E+03  0.00000E+00 -1.85105E-04  1.86503E-04  1.92344E-04  0.00000E+00  1.48268E-04  3.70032E-03
       372  1.00000E+01  2.13835E+03  0.00000E+00 -1.84934E-04  1.86258E-04  1.92189E-04  0.00000E+00  1.48311E-04  3.71513E-03
       373  1.00000E+01  2.14835E+03  0.00000E+00 -1.84748E-04  1.86002E-04  1.92026E-04  0.00000E+00  1.48567E-04  3.72997E-03
       374  1.00000E+01  2.15835E+03  0.00000E+00 -1.84556E-04  1.85744E-04  1.91861E-04  0.00000E+00  1.48381E-04  3.74479E-03
       375  1.00000E+01  2.16835E+03  0.00000E+00 -1.84364E-04  1.85487E-04  1.91698E-04  0.00000E+00  1.47870E-04  3.75956E-03
       376  1.00000E+01  2.17835E+03  0.00000E+00 -1.84170E-04  1.85231E-04  1.91541E-04  0.00000E+00  1.47589E-04  3.77430E-03
       377  1.00000E+01  2.18835E+03  0.00000E+00 -1.83976E-04  1.84977E-04  1.91384E-04  0.00000E+00  1.47248E-04  3.78900E-03
       378  1.00000E+01  2.19835E+03  0.00000E+00 -1.83781E-04  1.84724E-04  1.91227E-04  0.00000E+00  1.47773E-04  3.80376E-03
       379  1.00000E+01  2.20835E+03  0.00000E+00 -1.84123E-04  1.85010E-04  1.90900E-04  0.00000E+00  1.48070E-04  3.81855E-03
       380  1.00000E+01  2.21835E+03  0.00000E+00 -1.83308E-04  1.84891E-04  1.90824E-04  0.00000E+00  1.48213E-04  3.83335E-03
       381  1.00000E+01  2.22835E+03  0.00000E+00 -1.83202E-04  1.84692E-04  1.90700E-04  0.00000E+00  1.48433E-04  3.84817E-03
       382  1.00000E+01  2.23835E+03  0.00000E+00 -1.83050E-04  1.84453E-04  1.90553E-04  0.00000E+00  1.47785E-04  3.86293E-03
       383  1.00000E+01  2.24835E+03  0.00000E+00 -1.82879E-04  1.84199E-04  1.90397E-04  0.00000E+00  1.47467E-04  3.87766E-03
       384  1.00000E+01  2.25835E+03  0.00000E+00 -1.82702E-04  1.83943E-04  1.90240E-04  0.00000E+00  1.47170E-04  3.89236E-03
       385  1.00000E+01  2.26835E+03  0.00000E+00 -1.82522E-04  1.83686E-04  1.90082E-04  0.00000E+00  1.47244E-04  3.90706E-03
       386  1.00000E+01  2.27835E+03  0.00000E+00 -1.83055E-04  1.84153E-04  1.89688E-04  0.00000E+00  1.46203E-04  3.92166E-03
       387  1.00000E+01  2.28835E+03  0.00000E+00 -1.82091E-04  1.84079E-04  1.89634E-04  0.00000E+00  1.46795E-04  3.93632E-03
       388  1.00000E+01  2.29835E+03  0.00000E+00 -1.82039E-04  1.83882E-04  1.89505E-04  0.00000E+00  1.46412E-04  3.95094E-03
       389  1.00000E+01  2.30835E+03  0.00000E+00 -1.81923E-04  1.83631E-04  1.89343E-04  0.00000E+00  1.45795E-04  3.96550E-03
       390  1.00000E+01  2.31835E+03  0.00000E+00 -1.82017E-04  1.83596E-04  1.89102E-04  0.00000E+00  1.45174E-04  3.98000E-03
       391  1.00000E+01  2.32835E+03  0.00000E+00 -1.81668E-04  1.83349E-04  1.88940E-04  0.00000E+00  1.44603E-04  3.99444E-03
       392  1.00000E+01  2.33835E+03  0.00000E+00 -1.81554E-04  1.83088E-04  1.88765E-04  0.00000E+00  1.44065E-04  4.00883E-03
       393  1.00000E+01  2.34835E+03  0.00000E+00 -1.81419E-04  1.82821E-04  1.88584E-04  0.00000E+00  1.43548E-04  4.02317E-03
       394  1.00000E+01  2.35835E+03  0.00000E+00 -1.81272E-04  1.82554E-04  1.88403E-04  0.00000E+00  1.43700E-04  4.03752E-03
       395  1.00000E+01  2.36835E+03  0.00000E+00 -1.81578E-04  1.82750E-04  1.87997E-04  0.00000E+00  1.43279E-04  4.05183E-03
       396  1.00000E+01  2.37835E+03  0.00000E+00 -1.80879E-04  1.82612E-04  1.87927E-04  0.00000E+00  1.44090E-04  4.06622E-03
       397  1.00000E+01  2.38835E+03  0.00000E+00 -1.80797E-04  1.82397E-04  1.87786E-04  0.00000E+00  1.44611E-04  4.08066E-03
       398  1.00000E+01  2.39835E+03  0.00000E+00 -1.80663E-04  1.82147E-04  1.87613E-04  0.00000E+00  1.44341E-04  4.09507E-03
       399  1.00000E+01  2.40835E+03  0.00000E+00 -1.80506E-04  1.81889E-04  1.87432E-04  0.00000E+00  1.43703E-04  4.10942E-03
       400  1.00000E+01  2.41835E+03  0.00000E+00 -1.80345E-04  1.81631E-04  1.87250E-04  0.00000E+00  1.43254E-04  4.12373E-03
       401  1.00000E+01  2.42835E+03  0.00000E+00 -1.80180E-04  1.81375E-04  1.87069E-04  0.00000E+00  1.43071E-04  4.13802E-03
       402  1.00000E+01  2.43835E+03  0.00000E+00 -1.80012E-04  1.81119E-04  1.86889E-04  0.00000E+00  1.43521E-04  4.15235E-03
       403  1.00000E+01  2.44835E+03  0.00000E+00 -1.79843E-04  1.80866E-04  1.86712E-04  0.00000E+00  1.43646E-04  4.16670E-03
       404  1.00000E+01  2.45835E+03  0.00000E+00 -1.79674E-04  1.80616E-04  1.86535E-04  0.00000E+00  1.43134E-04  4.18099E-03
       405  1.00000E+01  2.46835E+03  0.00000E+00 -1.79501E-04  1.80368E-04  1.86361E-04  0.00000E+00  1.42553E-04  4.19523E-03
       406  1.00000E+01  2.47835E+03  0.00000E+00 -1.79319E-04  1.80124E-04  1.86190E-04  0.00000E+00  1.42150E-04  4.20942E-03
       407  1.00000E+01  2.48835E+03  0.00000E+00 -1.79509E-04  1.80254E-04  1.85886E-04  0.00000E+00  1.41946E-04  4.22360E-03
       408  1.00000E+01  2.49835E+03  0.00000E+00 -1.78896E-04  1.80122E-04  1.85793E-04  0.00000E+00  1.41469E-04  4.23773E-03
       409  1.00000E+01  2.50835E+03  0.00000E+00 -1.78787E-04  1.79921E-04  1.85657E-04  0.00000E+00  1.41522E-04  4.25186E-03
       410  1.00000E+01  2.51835E+03  0.00000E+00 -1.78641E-04  1.79688E-04  1.85501E-04  0.00000E+00  1.41676E-04  4.26601E-03
       411  1.00000E+01  2.52835E+03  0.00000E+00 -1.78480E-04  1.79443E-04  1.85344E-04  0.00000E+00  1.41922E-04  4.28018E-03
       412  1.00000E+01  2.53835E+03  0.00000E+00 -1.78315E-04  1.79198E-04  1.85187E-04  0.00000E+00  1.41521E-04  4.29432E-03
       413  1.00000E+01  2.54835E+03  0.00000E+00 -1.78571E-04  1.79375E-04  1.84882E-04  0.00000E+00  1.41646E-04  4.30846E-03
       414  1.00000E+01  2.55835E+03  0.00000E+00 -1.77927E-04  1.79238E-04  1.84792E-04  0.00000E+00  1.41832E-04  4.32263E-03
       415  1.00000E+01  2.56835E+03  0.00000E+00 -1.78240E-04  1.79451E-04  1.84505E-04  0.00000E+00  1.41237E-04  4.33673E-03
       416  1.00000E+01  2.57835E+03  0.00000E+00 -1.77626E-04  1.79324E-04  1.84420E-04  0.00000E+00  1.41062E-04  4.35082E-03
       417  1.00000E+01  2.58835E+03  0.00000E+00 -1.78294E-04  1.79867E-04  1.84097E-04  0.00000E+00  1.40852E-04  4.36489E-03
       418  1.00000E+01  2.59835E+03  0.00000E+00 -1.77365E-04  1.79754E-04  1.84010E-04  0.00000E+00  1.40809E-04  4.37895E-03
       419  1.00000E+01  2.60835E+03  0.00000E+00 -1.77329E-04  1.79552E-04  1.83870E-04  0.00000E+00  1.40301E-04  4.39296E-03
       420  1.00000E+01  2.61835E+03  0.00000E+00 -1.77225E-04  1.79306E-04  1.83703E-04  0.00000E+00  1.40028E-04  4.40694E-03
       421  1.00000E+01  2.62835E+03  0.00000E+00 -1.77097E-04  1.79044E-04  1.83529E-04  0.00000E+00  1.39960E-04  4.42092E-03
       422  1.00000E+01  2.63835E+03  0.00000E+00 -1.76963E-04  1.78779E-04  1.83354E-04  0.00000E+00  1.39504E-04  4.43485E-03
       423  1.00000E+01  2.64835E+03  0.00000E+00 -1.76825E-04  1.78516E-04  1.83180E-04  0.00000E+00  1.39767E-04  4.44881E-03
       424  1.00000E+01  2.65835E+03  0.00000E+00 -1.76685E-04  1.78253E-04  1.83006E-04  0.00000E+00  1.39312E-04  4.46272E-03
       425  1.00000E+01  2.66835E+03  0.00000E+00 -1.76542E-04  1.77991E-04  1.82833E-04  0.00000E+00  1.39409E-04  4.47665E-03
       426  1.00000E+01  2.67835E+03  0.00000E+00 -1.76398E-04  1.77731E-04  1.82661E-04  0.00000E+00  1.39495E-04  4.49058E-03
       427  1.00000E+01  2.68835E+03  0.00000E+00 -1.76253E-04  1.77472E-04  1.82490E-04  0.00000E+00  1.39584E-04  4.50452E-03
       428  1.00000E+01  2.69835E+03  0.00000E+00 -1.76098E-04  1.77219E-04  1.82322E-04  0.00000E+00  1.38976E-04  4.51840E-03
       429  1.00000E+01  2.70835E+03  0.00000E+00 -1.75937E-04  1.76970E-04  1.82158E-04  0.00000E+00  1.39255E-04  4.53230E-03
       430  1.00000E+01  2.71835E+03  0.00000E+00 -1.75777E-04  1.76725E-04  1.81999E-04  0.00000E+00  1.39229E-04  4.54621E-03
       431  1.00000E+01  2.72835E+03  0.00000E+00 -1.75618E-04  1.76482E-04  1.81853E-04  0.00000E+00  1.39344E-04  4.56012E-03
       432  1.00000E+01  2.73835E+03  0.00000E+00 -1.75458E-04  1.76242E-04  1.81709E-04  0.00000E+00  1.39085E-04  4.57401E-03
       433  1.00000E+01  2.74835E+03  0.00000E+00 -1.75298E-04  1.76004E-04  1.81568E-04  0.00000E+00  1.38699E-04  4.58787E-03
       434  1.00000E+01  2.75835E+03  0.00000E+00 -1.75138E-04  1.75768E-04  1.81433E-04  0.00000E+00  1.38270E-04  4.60167E-03
       435  1.00000E+01  2.76835E+03  0.00000E+00 -1.74978E-04  1.75535E-04  1.81298E-04  0.00000E+00  1.38363E-04  4.61549E-03
       436  1.00000E+01  2.77835E+03  0.00000E+00 -1.74813E-04  1.75305E-04  1.81165E-04  0.00000E+00  1.38170E-04  4.62929E-03
       437  1.00000E+01  2.78835E+03  0.00000E+00 -1.74643E-04  1.75079E-04  1.81034E-04  0.00000E+00  1.37909E-04  4.64306E-03
       438  1.00000E+01  2.79835E+03  0.00000E+00 -1.74475E-04  1.74856E-04  1.80905E-04  0.00000E+00  1.37406E-04  4.65679E-03
       439  1.00000E+01  2.80835E+03  0.00000E+00 -1.74307E-04  1.74635E-04  1.80776E-04  0.00000E+00  1.37025E-04  4.67047E-03
       440  1.00000E+01  2.81835E+03  0.00000E+00 -1.74652E-04  1.74929E-04  1.80479E-04  0.00000E+00  1.36527E-04  4.68410E-03
       441  1.00000E+01  2.82835E+03  0.00000E+00 -1.73895E-04  1.74845E-04  1.80432E-04  0.00000E+00  1.36448E-04  4.69773E-03
       442  1.00000E+01  2.83835E+03  0.00000E+00 -1.73806E-04  1.74686E-04  1.80337E-04  0.00000E+00  1.36038E-04  4.71132E-03
       443  1.00000E+01  2.84835E+03  0.00000E+00 -1.73672E-04  1.74488E-04  1.80217E-04  0.00000E+00  1.36135E-04  4.72491E-03
       444  1.00000E+01  2.85835E+03  0.00000E+00 -1.73523E-04  1.74278E-04  1.80088E-04  0.00000E+00  1.36280E-04  4.73852E-03
       445  1.00000E+01  2.86835E+03  0.00000E+00 -1.73368E-04  1.74065E-04  1.79957E-04  0.00000E+00  1.35936E-04  4.75210E-03
       446  1.00000E+01  2.87835E+03  0.00000E+00 -1.73211E-04  1.73852E-04  1.79826E-04  0.00000E+00  1.35474E-04  4.76563E-03
       447  1.00000E+01  2.88835E+03  0.00000E+00 -1.73049E-04  1.73641E-04  1.79695E-04  0.00000E+00  1.35043E-04  4.77911E-03
       448  1.00000E+01  2.89835E+03  0.00000E+00 -1.72880E-04  1.73434E-04  1.79567E-04  0.00000E+00  1.34892E-04  4.79259E-03
       449  1.00000E+01  2.90835E+03  0.00000E+00 -1.72698E-04  1.73230E-04  1.79440E-04  0.00000E+00  1.35153E-04  4.80608E-03
       450  1.00000E+01  2.91835E+03  0.00000E+00 -1.72518E-04  1.73029E-04  1.79315E-04  0.00000E+00  1.34664E-04  4.81953E-03
       451  1.00000E+01  2.92835E+03  0.00000E+00 -1.72341E-04  1.72830E-04  1.79190E-04  0.00000E+00  1.35207E-04  4.83303E-03
       452  1.00000E+01  2.93835E+03  0.00000E+00 -1.72165E-04  1.72633E-04  1.79065E-04  0.00000E+00  1.34707E-04  4.84649E-03
       453  1.00000E+01  2.94835E+03  0.00000E+00 -1.71991E-04  1.72437E-04  1.78942E-04  0.00000E+00  1.34755E-04  4.85994E-03
       454  1.00000E+01  2.95835E+03  0.00000E+00 -1.71817E-04  1.72242E-04  1.78818E-04  0.00000E+00  1.34725E-04  4.87340E-03
       455  1.00000E+01  2.96835E+03  0.00000E+00 -1.72032E-04  1.72436E-04  1.78552E-04  0.00000E+00  1.34398E-04  4.88682E-03
       456  1.00000E+01  2.97835E+03  0.00000E+00 -1.72108E-04  1.73042E-04  1.78270E-04  0.00000E+00  1.33858E-04  4.90019E-03
       457  1.00000E+01  2.98835E+03  0.00000E+00 -1.71200E-04  1.73044E-04  1.78270E-04  0.00000E+00  1.33865E-04  4.91356E-03
       458  1.00000E+01  2.99835E+03  0.00000E+00 -1.71165E-04  1.72925E-04  1.78191E-04  0.00000E+00  1.34268E-04  4.92697E-03
       459  1.00000E+01  3.00835E+03  0.00000E+00 -1.71060E-04  1.72744E-04  1.78071E-04  0.00000E+00  1.34845E-04  4.94043E-03
       460  1.00000E+01  3.01835E+03  0.00000E+00 -1.70924E-04  1.72541E-04  1.77936E-04  0.00000E+00  1.35103E-04  4.95393E-03
       461  1.00000E+01  3.02835E+03  0.00000E+00 -1.70777E-04  1.72332E-04  1.77797E-04  0.00000E+00  1.35219E-04  4.96743E-03
       462  1.00000E+01  3.03835E+03  0.00000E+00 -1.70626E-04  1.72123E-04  1.77658E-04  0.00000E+00  1.34720E-04  4.98088E-03
       463  1.00000E+01  3.04835E+03  0.00000E+00 -1.70474E-04  1.71914E-04  1.77524E-04  0.00000E+00  1.34337E-04  4.99430E-03
       464  1.00000E+01  3.05835E+03  0.00000E+00 -1.70320E-04  1.71706E-04  1.77391E-04  0.00000E+00  1.33877E-04  5.00767E-03
       465  1.00000E+01  3.06835E+03  0.00000E+00 -1.70539E-04  1.71874E-04  1.77116E-04  0.00000E+00  1.34019E-04  5.02105E-03
       466  1.00000E+01  3.07835E+03  0.00000E+00 -1.70360E-04  1.72178E-04  1.76895E-04  0.00000E+00  1.33618E-04  5.03440E-03
       467  1.00000E+01  3.08835E+03  0.00000E+00 -1.69803E-04  1.72117E-04  1.76854E-04  0.00000E+00  1.33534E-04  5.04773E-03
       468  1.00000E+01  3.09835E+03  0.00000E+00 -1.69747E-04  1.71957E-04  1.76753E-04  0.00000E+00  1.34091E-04  5.06112E-03
       469  1.00000E+01  3.10835E+03  0.00000E+00 -1.69640E-04  1.71753E-04  1.76623E-04  0.00000E+00  1.33561E-04  5.07446E-03
       470  1.00000E+01  3.11835E+03  0.00000E+00 -1.69514E-04  1.71535E-04  1.76483E-04  0.00000E+00  1.33402E-04  5.08779E-03
       471  1.00000E+01  3.12835E+03  0.00000E+00 -1.69381E-04  1.71313E-04  1.76342E-04  0.00000E+00  1.32922E-04  5.10106E-03
       472  1.00000E+01  3.13835E+03  0.00000E+00 -1.69244E-04  1.71091E-04  1.76200E-04  0.00000E+00  1.32865E-04  5.11433E-03
       473  1.00000E+01  3.14835E+03  0.00000E+00 -1.69105E-04  1.70869E-04  1.76058E-04  0.00000E+00  1.32409E-04  5.12755E-03
       474  1.00000E+01  3.15835E+03  0.00000E+00 -1.68963E-04  1.70648E-04  1.75917E-04  0.00000E+00  1.32605E-04  5.14080E-03
       475  1.00000E+01  3.16835E+03  0.00000E+00 -1.68820E-04  1.70428E-04  1.75775E-04  0.00000E+00  1.32233E-04  5.15400E-03
       476  1.00000E+01  3.17835E+03  0.00000E+00 -1.68676E-04  1.70209E-04  1.75635E-04  0.00000E+00  1.31837E-04  5.16717E-03
       477  1.00000E+01  3.18835E+03  0.00000E+00 -1.68532E-04  1.69992E-04  1.75497E-04  0.00000E+00  1.31417E-04  5.18029E-03
       478  1.00000E+01  3.19835E+03  0.00000E+00 -1.68388E-04  1.69777E-04  1.75359E-04  0.00000E+00  1.31263E-04  5.19340E-03
       479  1.00000E+01  3.20835E+03  0.00000E+00 -1.68242E-04  1.69562E-04  1.75222E-04  0.00000E+00  1.31698E-04  5.20655E-03
       480  1.00000E+01  3.21835E+03  0.00000E+00 -1.68096E-04  1.69349E-04  1.75086E-04  0.00000E+00  1.31265E-04  5.21966E-03
       481  1.00000E+01  3.22835E+03  0.00000E+00 -1.67950E-04  1.69138E-04  1.74950E-04  0.00000E+00  1.30970E-04  5.23274E-03
       482  1.00000E+01  3.23835E+03  0.00000E+00 -1.67804E-04  1.68927E-04  1.74816E-04  0.00000E+00  1.30573E-04  5.24578E-03
       483  1.00000E+01  3.24835E+03  0.00000E+00 -1.67657E-04  1.68718E-04  1.74682E-04  0.00000E+00  1.30196E-04  5.25878E-03
       484  1.00000E+01  3.25835E+03  0.00000E+00 -1.67820E-04  1.68820E-04  1.74457E-04  0.00000E+00  1.29927E-04  5.27176E-03
       485  1.00000E+01  3.26835E+03  0.00000E+00 -1.67353E-04  1.68682E-04  1.74363E-04  0.00000E+00  1.30171E-04  5.28476E-03
       486  1.00000E+01  3.27835E+03  0.00000E+00 -1.67256E-04  1.68495E-04  1.74238E-04  0.00000E+00  1.31263E-04  5.29787E-03
       487  1.00000E+01  3.28835E+03  0.00000E+00 -1.67134E-04  1.68287E-04  1.74101E-04  0.00000E+00  1.31385E-04  5.31099E-03
       488  1.00000E+01  3.29835E+03  0.00000E+00 -1.67209E-04  1.68277E-04  1.73902E-04  0.00000E+00  1.31100E-04  5.32408E-03
       489  1.00000E+01  3.30835E+03  0.00000E+00 -1.66880E-04  1.68090E-04  1.73784E-04  0.00000E+00  1.32059E-04  5.33727E-03
       490  1.00000E+01  3.31835E+03  0.00000E+00 -1.66779E-04  1.67892E-04  1.73653E-04  0.00000E+00  1.31459E-04  5.35040E-03
       491  1.00000E+01  3.32835E+03  0.00000E+00 -1.66660E-04  1.67688E-04  1.73516E-04  0.00000E+00  1.30958E-04  5.36348E-03
       492  1.00000E+01  3.33835E+03  0.00000E+00 -1.66532E-04  1.67484E-04  1.73377E-04  0.00000E+00  1.30763E-04  5.37654E-03
       493  1.00000E+01  3.34835E+03  0.00000E+00 -1.66399E-04  1.67282E-04  1.73241E-04  0.00000E+00  1.30322E-04  5.38955E-03
       494  1.00000E+01  3.35835E+03  0.00000E+00 -1.66264E-04  1.67082E-04  1.73106E-04  0.00000E+00  1.30184E-04  5.40255E-03
       495  1.00000E+01  3.36835E+03  0.00000E+00 -1.66126E-04  1.66883E-04  1.72972E-04  0.00000E+00  1.30244E-04  5.41556E-03
       496  1.00000E+01  3.37835E+03  0.00000E+00 -1.65987E-04  1.66687E-04  1.72840E-04  0.00000E+00  1.29807E-04  5.42852E-03
       497  1.00000E+01  3.38835E+03  0.00000E+00 -1.65846E-04  1.66492E-04  1.72709E-04  0.00000E+00  1.29787E-04  5.44148E-03
       498  1.00000E+01  3.39835E+03  0.00000E+00 -1.65704E-04  1.66298E-04  1.72580E-04  0.00000E+00  1.30018E-04  5.45447E-03
       499  1.00000E+01  3.40835E+03  0.00000E+00 -1.65562E-04  1.66106E-04  1.72455E-04  0.00000E+00  1.29858E-04  5.46744E-03
       500  1.00000E+01  3.41835E+03  0.00000E+00 -1.65412E-04  1.65918E-04  1.72332E-04  0.00000E+00  1.29421E-04  5.48036E-03
       501  1.00000E+01  3.42835E+03  0.00000E+00 -1.65263E-04  1.65733E-04  1.72210E-04  0.00000E+00  1.29423E-04  5.49329E-03
       502  1.00000E+01  3.43835E+03  0.00000E+00 -1.65114E-04  1.65549E-04  1.72090E-04  0.00000E+00  1.29538E-04  5.50622E-03
       503  1.00000E+01  3.44835E+03  0.00000E+00 -1.64963E-04  1.65367E-04  1.71971E-04  0.00000E+00  1.29105E-04  5.51912E-03
       504  1.00000E+01  3.45835E+03  0.00000E+00 -1.65295E-04  1.65681E-04  1.71688E-04  0.00000E+00  1.28506E-04  5.53195E-03
       505  1.00000E+01  3.46835E+03  0.00000E+00 -1.64569E-04  1.65631E-04  1.71650E-04  0.00000E+00  1.28396E-04  5.54477E-03
       506  1.00000E+01  3.47835E+03  0.00000E+00 -1.64496E-04  1.65506E-04  1.71564E-04  0.00000E+00  1.28320E-04  5.55759E-03
       507  1.00000E+01  3.48835E+03  0.00000E+00 -1.64379E-04  1.65342E-04  1.71453E-04  0.00000E+00  1.28018E-04  5.57037E-03
       508  1.00000E+01  3.49835E+03  0.00000E+00 -1.64248E-04  1.65166E-04  1.71334E-04  0.00000E+00  1.28248E-04  5.58318E-03
       509  1.00000E+01  3.50835E+03  0.00000E+00 -1.64112E-04  1.64986E-04  1.71213E-04  0.00000E+00  1.27874E-04  5.59595E-03
       510  1.00000E+01  3.51835E+03  0.00000E+00 -1.63973E-04  1.64805E-04  1.71092E-04  0.00000E+00  1.27795E-04  5.60871E-03
       511  1.00000E+01  3.52835E+03  0.00000E+00 -1.63834E-04  1.64625E-04  1.70970E-04  0.00000E+00  1.27645E-04  5.62146E-03
       512  1.00000E+01  3.53835E+03  0.00000E+00 -1.63695E-04  1.64445E-04  1.70849E-04  0.00000E+00  1.27430E-04  5.63419E-03
       513  1.00000E+01  3.54835E+03  0.00000E+00 -1.63555E-04  1.64265E-04  1.70728E-04  0.00000E+00  1.27677E-04  5.64694E-03
       514  1.00000E+01  3.55835E+03  0.00000E+00 -1.63409E-04  1.64088E-04  1.70609E-04  0.00000E+00  1.27307E-04  5.65965E-03
       515  1.00000E+01  3.56835E+03  0.00000E+00 -1.63262E-04  1.63911E-04  1.70490E-04  0.00000E+00  1.27444E-04  5.67238E-03
       516  1.00000E+01  3.57835E+03  0.00000E+00 -1.63572E-04  1.64190E-04  1.70150E-04  0.00000E+00  1.27021E-04  5.68506E-03
       517  1.00000E+01  3.58835E+03  0.00000E+00 -1.62887E-04  1.64145E-04  1.70145E-04  0.00000E+00  1.26784E-04  5.69773E-03
       518  5.82254E+00  3.59418E+03  0.00000E+00 -1.62425E-04  1.63406E-04  1.70288E-04  0.00000E+00  1.27117E-04  5.70512E-03
       519  5.82254E+00  3.60000E+03  0.00000E+00 -1.62571E-04  1.63490E-04  1.70248E-04  0.00000E+00  1.27198E-04  5.71251E-03
