#INITIAL MASS OF SOLUTE IN THE SUBSURFACE =   0.00000E+00
#VOLUME, SOLUTE MASS, ADSORBED MASS
# TIME                  1               1               1
  1.00000000E-02   1.6500000E+02   1.6500000E+02   0.0000000E+00
  1.50000000E-02   1.6500000E+02   1.6500000E+02   0.0000000E+00
  2.05000000E-02   1.6500000E+02   1.6500000E+02   0.0000000E+00
  2.65500000E-02   1.6500000E+02   1.6500000E+02   0.0000000E+00
  3.26000000E-02   1.6500000E+02   1.6500000E+02   0.0000000E+00
  3.86500000E-02   1.6500000E+02   1.6500000E+02   0.0000000E+00
  4.47000000E-02   1.6500000E+02   1.6500000E+02   0.0000000E+00
  4.77250000E-02   1.6500000E+02   1.6500000E+02   0.0000000E+00
  5.10525000E-02   1.6500000E+02   1.6500000E+02   0.0000000E+00
  5.47127500E-02   1.6500000E+02   1.6500000E+02   0.0000000E+00
  5.83730000E-02   1.6500000E+02   1.6499999E+02   0.0000000E+00
  6.23992750E-02   1.6499999E+02   1.6499999E+02   0.0000000E+00
  6.64255500E-02   1.6499999E+02   1.6499999E+02   0.0000000E+00
  7.04518250E-02   1.6499999E+02   1.6499999E+02   0.0000000E+00
  7.44781000E-02   1.6499999E+02   1.6499999E+02   0.0000000E+00
  7.85043750E-02   1.6499999E+02   1.6499999E+02   0.0000000E+00
  8.25306500E-02   1.6499999E+02   1.6499999E+02   0.0000000E+00
  8.65569250E-02   1.6499999E+02   1.6499999E+02   0.0000000E+00
  9.05832000E-02   1.6499999E+02   1.6499999E+02   0.0000000E+00
  9.46094750E-02   1.6499999E+02   1.6499999E+02   0.0000000E+00
  9.86357500E-02   1.6499999E+02   1.6499999E+02   0.0000000E+00
  1.03064652E-01   1.6499999E+02   1.6499999E+02   0.0000000E+00
  1.07493555E-01   1.6499999E+02   1.6499999E+02   0.0000000E+00
  1.11922457E-01   1.6499999E+02   1.6499999E+02   0.0000000E+00
  1.16351360E-01   1.6499999E+02   1.6499998E+02   0.0000000E+00
  1.20780262E-01   1.6499999E+02   1.6499998E+02   0.0000000E+00
  1.25209165E-01   1.6499999E+02   1.6499998E+02   0.0000000E+00
  1.29638067E-01   1.6499998E+02   1.6499998E+02   0.0000000E+00
  1.34066970E-01   1.6499998E+02   1.6499998E+02   0.0000000E+00
  1.38495872E-01   1.6499998E+02   1.6499998E+02   0.0000000E+00
  1.42924775E-01   1.6499998E+02   1.6499998E+02   0.0000000E+00
  1.47353677E-01   1.6499998E+02   1.6499998E+02   0.0000000E+00
  1.51782580E-01   1.6499998E+02   1.6499998E+02   0.0000000E+00
  1.56211482E-01   1.6499998E+02   1.6499998E+02   0.0000000E+00
  1.60640385E-01   1.6499998E+02   1.6499998E+02   0.0000000E+00
  1.65512178E-01   1.6499998E+02   1.6499997E+02   0.0000000E+00
  1.70383970E-01   1.6499998E+02   1.6499997E+02   0.0000000E+00
  1.75255763E-01   1.6499998E+02   1.6499997E+02   0.0000000E+00
  1.80127556E-01   1.6499998E+02   1.6499997E+02   0.0000000E+00
  1.85486528E-01   1.6499997E+02   1.6499997E+02   0.0000000E+00
  1.90845500E-01   1.6499997E+02   1.6499997E+02   0.0000000E+00
  1.96740369E-01   1.6499997E+02   1.6499997E+02   0.0000000E+00
  2.02635239E-01   1.6499997E+02   1.6499997E+02   0.0000000E+00
  2.08530108E-01   1.6499997E+02   1.6499996E+02   0.0000000E+00
  2.14424977E-01   1.6499997E+02   1.6499996E+02   0.0000000E+00
  2.20319846E-01   1.6499997E+02   1.6499996E+02   0.0000000E+00
  2.26214715E-01   1.6499997E+02   1.6499996E+02   0.0000000E+00
  2.32109585E-01   1.6499996E+02   1.6499996E+02   0.0000000E+00
  2.38004454E-01   1.6499996E+02   1.6499996E+02   0.0000000E+00
  2.43899323E-01   1.6499996E+02   1.6499996E+02   0.0000000E+00
  2.49794192E-01   1.6499996E+02   1.6499995E+02   0.0000000E+00
  2.55689062E-01   1.6499996E+02   1.6499995E+02   0.0000000E+00
  2.62173418E-01   1.6499996E+02   1.6499995E+02   0.0000000E+00
  2.68657774E-01   1.6499996E+02   1.6499995E+02   0.0000000E+00
  2.75142130E-01   1.6499995E+02   1.6499995E+02   0.0000000E+00
  2.82274922E-01   1.6499995E+02   1.6499995E+02   0.0000000E+00
  2.89407714E-01   1.6499995E+02   1.6499994E+02   0.0000000E+00
  2.96540505E-01   1.6499995E+02   1.6499994E+02   0.0000000E+00
  3.04386576E-01   1.6499995E+02   1.6499994E+02   0.0000000E+00
  3.12232647E-01   1.6499995E+02   1.6499994E+02   0.0000000E+00
  3.20078718E-01   1.6499994E+02   1.6499994E+02   0.0000000E+00
  3.28709396E-01   1.6499994E+02   1.6499993E+02   0.0000000E+00
  3.37340074E-01   1.6499994E+02   1.6499993E+02   0.0000000E+00
  3.46833820E-01   1.6499994E+02   1.6499993E+02   0.0000000E+00
  3.56327566E-01   1.6499993E+02   1.6499993E+02   0.0000000E+00
  3.65821312E-01   1.6499993E+02   1.6499992E+02   0.0000000E+00
  3.75315058E-01   1.6499993E+02   1.6499992E+02   0.0000000E+00
  3.85758178E-01   1.6499993E+02   1.6499992E+02   0.0000000E+00
  3.96201298E-01   1.6499992E+02   1.6499992E+02   0.0000000E+00
  4.07688731E-01   1.6499992E+02   1.6499991E+02   0.0000000E+00
  4.20324907E-01   1.6499992E+02   1.6499991E+02   0.0000000E+00
  4.34224700E-01   1.6499991E+02   1.6499991E+02   0.0000000E+00
  4.48124493E-01   1.6499991E+02   1.6499990E+02   0.0000000E+00
  4.63414266E-01   1.6499991E+02   1.6499990E+02   0.0000000E+00
  4.80233016E-01   1.6499990E+02   1.6499989E+02   0.0000000E+00
  4.98733640E-01   1.6499990E+02   1.6499989E+02   0.0000000E+00
  5.17234265E-01   1.6499989E+02   1.6499988E+02   0.0000000E+00
  5.37584953E-01   1.6499989E+02   1.6499988E+02   0.0000000E+00
  5.59970709E-01   1.6499988E+02   1.6499987E+02   0.0000000E+00
  5.82356465E-01   1.6499988E+02   1.6499987E+02   0.0000000E+00
  6.04742221E-01   1.6499987E+02   1.6499986E+02   0.0000000E+00
  6.29366553E-01   1.6499986E+02   1.6499985E+02   0.0000000E+00
  6.53990884E-01   1.6499986E+02   1.6499985E+02   0.0000000E+00
  6.81077649E-01   1.6499985E+02   1.6499984E+02   0.0000000E+00
  7.10873091E-01   1.6499984E+02   1.6499983E+02   0.0000000E+00
  7.40668532E-01   1.6499983E+02   1.6499982E+02   0.0000000E+00
  7.73443517E-01   1.6499982E+02   1.6499981E+02   0.0000000E+00
  8.09496001E-01   1.6499981E+02   1.6499980E+02   0.0000000E+00
  8.49153734E-01   1.6499980E+02   1.6499979E+02   0.0000000E+00
  8.92777239E-01   1.6499979E+02   1.6499978E+02   0.0000000E+00
  9.40763096E-01   1.6499978E+02   1.6499977E+02   0.0000000E+00
  9.93547538E-01   1.6499976E+02   1.6499975E+02   0.0000000E+00
  1.04633198E+00   1.6499975E+02   1.6499974E+02   0.0000000E+00
  1.10439487E+00   1.6499973E+02   1.6499972E+02   0.0000000E+00
  1.16245775E+00   1.6499972E+02   1.6499971E+02   0.0000000E+00
  1.22632693E+00   1.6499970E+02   1.6499969E+02   0.0000000E+00
  1.29019610E+00   1.6499968E+02   1.6499967E+02   0.0000000E+00
  1.36045219E+00   1.6499966E+02   1.6499965E+02   0.0000000E+00
  1.43773389E+00   1.6499964E+02   1.6499963E+02   0.0000000E+00
  1.51501560E+00   1.6499962E+02   1.6499961E+02   0.0000000E+00
  1.60002547E+00   1.6499960E+02   1.6499959E+02   0.0000000E+00
  1.68503534E+00   1.6499958E+02   1.6499956E+02   0.0000000E+00
  1.77854620E+00   1.6499955E+02   1.6499954E+02   0.0000000E+00
  1.87205706E+00   1.6499953E+02   1.6499951E+02   0.0000000E+00
  1.97491900E+00   1.6499950E+02   1.6499948E+02   0.0000000E+00
  2.08806714E+00   1.6499947E+02   1.6499945E+02   0.0000000E+00
  2.21253009E+00   1.6499943E+02   1.6499942E+02   0.0000000E+00
  2.34943934E+00   1.6499940E+02   1.6499938E+02   0.0000000E+00
  2.48634859E+00   1.6499936E+02   1.6499934E+02   0.0000000E+00
  2.63694876E+00   1.6499932E+02   1.6499930E+02   0.0000000E+00
  2.80260895E+00   1.6499927E+02   1.6499926E+02   0.0000000E+00
  2.98483516E+00   1.6499922E+02   1.6499921E+02   0.0000000E+00
  3.16706137E+00   1.6499917E+02   1.6499916E+02   0.0000000E+00
  3.36751020E+00   1.6499912E+02   1.6499910E+02   0.0000000E+00
  3.56795903E+00   1.6499907E+02   1.6499905E+02   0.0000000E+00
  3.78845274E+00   1.6499901E+02   1.6499899E+02   0.0000000E+00
  4.03099583E+00   1.6499894E+02   1.6499892E+02   0.0000000E+00
  4.27353891E+00   1.6499887E+02   1.6499886E+02   0.0000000E+00
  4.54033630E+00   1.6499880E+02   1.6499879E+02   0.0000000E+00
  4.83381344E+00   1.6499872E+02   1.6499871E+02   0.0000000E+00
  5.12729057E+00   1.6499864E+02   1.6499863E+02   0.0000000E+00
  5.45011541E+00   1.6499856E+02   1.6499854E+02   0.0000000E+00
  5.77294026E+00   1.6499847E+02   1.6499845E+02   0.0000000E+00
  6.12804759E+00   1.6499838E+02   1.6499836E+02   0.0000000E+00
  6.48315492E+00   1.6499828E+02   1.6499826E+02   0.0000000E+00
  6.87377298E+00   1.6499818E+02   1.6499815E+02   0.0000000E+00
  7.30345285E+00   1.6499806E+02   1.6499804E+02   0.0000000E+00
  7.73313272E+00   1.6499794E+02   1.6499792E+02   0.0000000E+00
  8.20578058E+00   1.6499782E+02   1.6499780E+02   0.0000000E+00
  8.72569322E+00   1.6499768E+02   1.6499766E+02   0.0000000E+00
  9.29759713E+00   1.6499753E+02   1.6499750E+02   0.0000000E+00
  9.86950103E+00   1.6499737E+02   1.6499735E+02   0.0000000E+00
  1.04985953E+01   1.6499721E+02   1.6499718E+02   0.0000000E+00
  1.11905991E+01   1.6499702E+02   1.6499700E+02   0.0000000E+00
  1.19518032E+01   1.6499682E+02   1.6499679E+02   0.0000000E+00
  1.27891277E+01   1.6499660E+02   1.6499657E+02   0.0000000E+00
  1.37101846E+01   1.6499635E+02   1.6499632E+02   0.0000000E+00
  1.47233473E+01   1.6499608E+02   1.6499605E+02   0.0000000E+00
  1.57365099E+01   1.6499581E+02   1.6499578E+02   0.0000000E+00
  1.68509889E+01   1.6499552E+02   1.6499549E+02   0.0000000E+00
  1.80769157E+01   1.6499520E+02   1.6499516E+02   0.0000000E+00
  1.94254352E+01   1.6499484E+02   1.6499480E+02   0.0000000E+00
  2.07739547E+01   1.6499449E+02   1.6499445E+02   0.0000000E+00
  2.22573261E+01   1.6499410E+02   1.6499405E+02   0.0000000E+00
  2.37406975E+01   1.6499371E+02   1.6499366E+02   0.0000000E+00
  2.52240690E+01   1.6499332E+02   1.6499327E+02   0.0000000E+00
  2.68557776E+01   1.6499289E+02   1.6499284E+02   0.0000000E+00
  2.86506570E+01   1.6499242E+02   1.6499237E+02   0.0000000E+00
  3.04455365E+01   1.6499196E+02   1.6499189E+02   0.0000000E+00
  3.24199039E+01   1.6499144E+02   1.6499137E+02   0.0000000E+00
  3.45917080E+01   1.6499088E+02   1.6499081E+02   0.0000000E+00
  3.69806925E+01   1.6499026E+02   1.6499018E+02   0.0000000E+00
  3.96085755E+01   1.6498958E+02   1.6498949E+02   0.0000000E+00
  4.24992468E+01   1.6498883E+02   1.6498874E+02   0.0000000E+00
  4.56789853E+01   1.6498801E+02   1.6498790E+02   0.0000000E+00
  4.91766975E+01   1.6498711E+02   1.6498699E+02   0.0000000E+00
  5.26744098E+01   1.6498622E+02   1.6498608E+02   0.0000000E+00
  5.61721221E+01   1.6498532E+02   1.6498517E+02   0.0000000E+00
  6.00196056E+01   1.6498434E+02   1.6498418E+02   0.0000000E+00
  6.42518374E+01   1.6498326E+02   1.6498308E+02   0.0000000E+00
  6.84840693E+01   1.6498219E+02   1.6498200E+02   0.0000000E+00
  7.27163011E+01   1.6498111E+02   1.6498091E+02   0.0000000E+00
  7.73717562E+01   1.6497994E+02   1.6497971E+02   0.0000000E+00
  8.24927567E+01   1.6497864E+02   1.6497840E+02   0.0000000E+00
  8.76137572E+01   1.6497735E+02   1.6497709E+02   0.0000000E+00
  9.32468578E+01   1.6497594E+02   1.6497565E+02   0.0000000E+00
  9.94432685E+01   1.6497439E+02   1.6497407E+02   0.0000000E+00
  1.06259320E+02   1.6497268E+02   1.6497233E+02   0.0000000E+00
  1.13756977E+02   1.6497082E+02   1.6497044E+02   0.0000000E+00
  1.22004400E+02   1.6496877E+02   1.6496835E+02   0.0000000E+00
  1.30251822E+02   1.6496673E+02   1.6496628E+02   0.0000000E+00
  1.39323987E+02   1.6496449E+02   1.6496400E+02   0.0000000E+00
  1.48396152E+02   1.6496226E+02   1.6496174E+02   0.0000000E+00
  1.58375533E+02   1.6495982E+02   1.6495926E+02   0.0000000E+00
  1.68354915E+02   1.6495739E+02   1.6495678E+02   0.0000000E+00
  1.78354915E+02   1.6495496E+02   1.6495431E+02   0.0000000E+00
  1.88354915E+02   1.6495253E+02   1.6495184E+02   0.0000000E+00
  1.98354915E+02   1.6495012E+02   1.6494939E+02   0.0000000E+00
  2.08354915E+02   1.6494771E+02   1.6494693E+02   0.0000000E+00
  2.18354915E+02   1.6494531E+02   1.6494449E+02   0.0000000E+00
  2.28354915E+02   1.6494292E+02   1.6494205E+02   0.0000000E+00
  2.38354915E+02   1.6494052E+02   1.6493961E+02   0.0000000E+00
  2.48354915E+02   1.6493815E+02   1.6493720E+02   0.0000000E+00
  2.58354915E+02   1.6493577E+02   1.6493478E+02   0.0000000E+00
  2.68354915E+02   1.6493340E+02   1.6493238E+02   0.0000000E+00
  2.78354915E+02   1.6493103E+02   1.6492998E+02   0.0000000E+00
  2.88354915E+02   1.6492868E+02   1.6492759E+02   0.0000000E+00
  2.98354915E+02   1.6492632E+02   1.6492521E+02   0.0000000E+00
  3.08354915E+02   1.6492398E+02   1.6492283E+02   0.0000000E+00
  3.18354915E+02   1.6492164E+02   1.6492046E+02   0.0000000E+00
  3.28354915E+02   1.6491930E+02   1.6491810E+02   0.0000000E+00
  3.38354915E+02   1.6491697E+02   1.6491574E+02   0.0000000E+00
  3.48354915E+02   1.6491464E+02   1.6491339E+02   0.0000000E+00
  3.58354915E+02   1.6491232E+02   1.6491104E+02   0.0000000E+00
  3.68354915E+02   1.6491000E+02   1.6490869E+02   0.0000000E+00
  3.78354915E+02   1.6490769E+02   1.6490634E+02   0.0000000E+00
  3.88354915E+02   1.6490539E+02   1.6490400E+02   0.0000000E+00
  3.98354915E+02   1.6490309E+02   1.6490166E+02   0.0000000E+00
  4.08354915E+02   1.6490079E+02   1.6489932E+02   0.0000000E+00
  4.18354915E+02   1.6489850E+02   1.6489699E+02   0.0000000E+00
  4.28354915E+02   1.6489622E+02   1.6489467E+02   0.0000000E+00
  4.38354915E+02   1.6489394E+02   1.6489235E+02   0.0000000E+00
  4.48354915E+02   1.6489166E+02   1.6489003E+02   0.0000000E+00
  4.58354915E+02   1.6488939E+02   1.6488772E+02   0.0000000E+00
  4.68354915E+02   1.6488711E+02   1.6488541E+02   0.0000000E+00
  4.78354915E+02   1.6488485E+02   1.6488311E+02   0.0000000E+00
  4.88354915E+02   1.6488259E+02   1.6488081E+02   0.0000000E+00
  4.98354915E+02   1.6488034E+02   1.6487852E+02   0.0000000E+00
  5.08354915E+02   1.6487809E+02   1.6487624E+02   0.0000000E+00
  5.18354915E+02   1.6487585E+02   1.6487396E+02   0.0000000E+00
  5.28354915E+02   1.6487360E+02   1.6487169E+02   0.0000000E+00
  5.38354915E+02   1.6487136E+02   1.6486942E+02   0.0000000E+00
  5.48354915E+02   1.6486913E+02   1.6486715E+02   0.0000000E+00
  5.58354915E+02   1.6486690E+02   1.6486489E+02   0.0000000E+00
  5.68354915E+02   1.6486467E+02   1.6486263E+02   0.0000000E+00
  5.78354915E+02   1.6486244E+02   1.6486036E+02   0.0000000E+00
  5.88354915E+02   1.6486022E+02   1.6485812E+02   0.0000000E+00
  5.98354915E+02   1.6485800E+02   1.6485588E+02   0.0000000E+00
  6.08354915E+02   1.6485579E+02   1.6485363E+02   0.0000000E+00
  6.18354915E+02   1.6485358E+02   1.6485140E+02   0.0000000E+00
  6.28354915E+02   1.6485137E+02   1.6484916E+02   0.0000000E+00
  6.38354915E+02   1.6484916E+02   1.6484694E+02   0.0000000E+00
  6.48354915E+02   1.6484696E+02   1.6484471E+02   0.0000000E+00
  6.58354915E+02   1.6484476E+02   1.6484249E+02   0.0000000E+00
  6.68354915E+02   1.6484256E+02   1.6484025E+02   0.0000000E+00
  6.78354915E+02   1.6484037E+02   1.6483803E+02   0.0000000E+00
  6.88354915E+02   1.6483818E+02   1.6483582E+02   0.0000000E+00
  6.98354915E+02   1.6483599E+02   1.6483360E+02   0.0000000E+00
  7.08354915E+02   1.6483381E+02   1.6483138E+02   0.0000000E+00
  7.18354915E+02   1.6483163E+02   1.6482917E+02   0.0000000E+00
  7.28354915E+02   1.6482945E+02   1.6482696E+02   0.0000000E+00
  7.38354915E+02   1.6482728E+02   1.6482475E+02   0.0000000E+00
  7.48354915E+02   1.6482511E+02   1.6482255E+02   0.0000000E+00
  7.58354915E+02   1.6482295E+02   1.6482035E+02   0.0000000E+00
  7.68354915E+02   1.6482078E+02   1.6481815E+02   0.0000000E+00
  7.78354915E+02   1.6481862E+02   1.6481596E+02   0.0000000E+00
  7.88354915E+02   1.6481647E+02   1.6481377E+02   0.0000000E+00
  7.98354915E+02   1.6481432E+02   1.6481159E+02   0.0000000E+00
  8.08354915E+02   1.6481217E+02   1.6480940E+02   0.0000000E+00
  8.18354915E+02   1.6481002E+02   1.6480722E+02   0.0000000E+00
  8.28354915E+02   1.6480788E+02   1.6480505E+02   0.0000000E+00
  8.38354915E+02   1.6480574E+02   1.6480288E+02   0.0000000E+00
  8.48354915E+02   1.6480360E+02   1.6480070E+02   0.0000000E+00
  8.58354915E+02   1.6480147E+02   1.6479853E+02   0.0000000E+00
  8.68354915E+02   1.6479934E+02   1.6479636E+02   0.0000000E+00
  8.78354915E+02   1.6479721E+02   1.6479419E+02   0.0000000E+00
  8.88354915E+02   1.6479509E+02   1.6479202E+02   0.0000000E+00
  8.98354915E+02   1.6479297E+02   1.6478986E+02   0.0000000E+00
  9.08354915E+02   1.6479085E+02   1.6478770E+02   0.0000000E+00
  9.18354915E+02   1.6478874E+02   1.6478556E+02   0.0000000E+00
  9.28354915E+02   1.6478664E+02   1.6478341E+02   0.0000000E+00
  9.38354915E+02   1.6478452E+02   1.6478125E+02   0.0000000E+00
  9.48354915E+02   1.6478242E+02   1.6477911E+02   0.0000000E+00
  9.58354915E+02   1.6478032E+02   1.6477697E+02   0.0000000E+00
  9.68354915E+02   1.6477822E+02   1.6477483E+02   0.0000000E+00
  9.78354915E+02   1.6477612E+02   1.6477270E+02   0.0000000E+00
  9.88354915E+02   1.6477403E+02   1.6477058E+02   0.0000000E+00
  9.98354915E+02   1.6477194E+02   1.6476845E+02   0.0000000E+00
  1.00835491E+03   1.6476985E+02   1.6476633E+02   0.0000000E+00
  1.01835491E+03   1.6476776E+02   1.6476421E+02   0.0000000E+00
  1.02835491E+03   1.6476568E+02   1.6476210E+02   0.0000000E+00
  1.03835491E+03   1.6476360E+02   1.6475999E+02   0.0000000E+00
  1.04835491E+03   1.6476152E+02   1.6475789E+02   0.0000000E+00
  1.05835491E+03   1.6475944E+02   1.6475579E+02   0.0000000E+00
  1.06835491E+03   1.6475736E+02   1.6475369E+02   0.0000000E+00
  1.07835491E+03   1.6475529E+02   1.6475160E+02   0.0000000E+00
  1.08835491E+03   1.6475321E+02   1.6474951E+02   0.0000000E+00
  1.09835491E+03   1.6475114E+02   1.6474742E+02   0.0000000E+00
  1.10835491E+03   1.6474908E+02   1.6474534E+02   0.0000000E+00
  1.11835491E+03   1.6474701E+02   1.6474325E+02   0.0000000E+00
  1.12835491E+03   1.6474494E+02   1.6474118E+02   0.0000000E+00
  1.13835491E+03   1.6474288E+02   1.6473908E+02   0.0000000E+00
  1.14835491E+03   1.6474082E+02   1.6473698E+02   0.0000000E+00
  1.15835491E+03   1.6473876E+02   1.6473489E+02   0.0000000E+00
  1.16835491E+03   1.6473671E+02   1.6473281E+02   0.0000000E+00
  1.17835491E+03   1.6473465E+02   1.6473073E+02   0.0000000E+00
  1.18835491E+03   1.6473260E+02   1.6472865E+02   0.0000000E+00
  1.19835491E+03   1.6473056E+02   1.6472657E+02   0.0000000E+00
  1.20835491E+03   1.6472851E+02   1.6472450E+02   0.0000000E+00
  1.21835491E+03   1.6472647E+02   1.6472242E+02   0.0000000E+00
  1.22835491E+03   1.6472443E+02   1.6472036E+02   0.0000000E+00
  1.23835491E+03   1.6472240E+02   1.6471829E+02   0.0000000E+00
  1.24835491E+03   1.6472036E+02   1.6471622E+02   0.0000000E+00
  1.25835491E+03   1.6471833E+02   1.6471415E+02   0.0000000E+00
  1.26835491E+03   1.6471630E+02   1.6471207E+02   0.0000000E+00
  1.27835491E+03   1.6471428E+02   1.6471001E+02   0.0000000E+00
  1.28835491E+03   1.6471226E+02   1.6470794E+02   0.0000000E+00
  1.29835491E+03   1.6471023E+02   1.6470587E+02   0.0000000E+00
  1.30835491E+03   1.6470821E+02   1.6470382E+02   0.0000000E+00
  1.31835491E+03   1.6470620E+02   1.6470176E+02   0.0000000E+00
  1.32835491E+03   1.6470418E+02   1.6469970E+02   0.0000000E+00
  1.33835491E+03   1.6470217E+02   1.6469765E+02   0.0000000E+00
  1.34835491E+03   1.6470016E+02   1.6469560E+02   0.0000000E+00
  1.35835491E+03   1.6469816E+02   1.6469354E+02   0.0000000E+00
  1.36835491E+03   1.6469615E+02   1.6469150E+02   0.0000000E+00
  1.37835491E+03   1.6469415E+02   1.6468945E+02   0.0000000E+00
  1.38835491E+03   1.6469215E+02   1.6468740E+02   0.0000000E+00
  1.39835491E+03   1.6469016E+02   1.6468537E+02   0.0000000E+00
  1.40835491E+03   1.6468816E+02   1.6468333E+02   0.0000000E+00
  1.41835491E+03   1.6468617E+02   1.6468130E+02   0.0000000E+00
  1.42835491E+03   1.6468418E+02   1.6467927E+02   0.0000000E+00
  1.43835491E+03   1.6468220E+02   1.6467724E+02   0.0000000E+00
  1.44835491E+03   1.6468021E+02   1.6467521E+02   0.0000000E+00
  1.45835491E+03   1.6467823E+02   1.6467319E+02   0.0000000E+00
  1.46835491E+03   1.6467625E+02   1.6467117E+02   0.0000000E+00
  1.47835491E+03   1.6467428E+02   1.6466915E+02   0.0000000E+00
  1.48835491E+03   1.6467230E+02   1.6466713E+02   0.0000000E+00
  1.49835491E+03   1.6467033E+02   1.6466511E+02   0.0000000E+00
  1.50835491E+03   1.6466836E+02   1.6466310E+02   0.0000000E+00
  1.51835491E+03   1.6466639E+02   1.6466109E+02   0.0000000E+00
  1.52835491E+03   1.6466443E+02   1.6465909E+02   0.0000000E+00
  1.53835491E+03   1.6466246E+02   1.6465707E+02   0.0000000E+00
  1.54835491E+03   1.6466050E+02   1.6465506E+02   0.0000000E+00
  1.55835491E+03   1.6465854E+02   1.6465305E+02   0.0000000E+00
  1.56835491E+03   1.6465659E+02   1.6465106E+02   0.0000000E+00
  1.57835491E+03   1.6465464E+02   1.6464906E+02   0.0000000E+00
  1.58835491E+03   1.6465268E+02   1.6464705E+02   0.0000000E+00
  1.59835491E+03   1.6465073E+02   1.6464505E+02   0.0000000E+00
  1.60835491E+03   1.6464878E+02   1.6464306E+02   0.0000000E+00
  1.61835491E+03   1.6464683E+02   1.6464108E+02   0.0000000E+00
  1.62835491E+03   1.6464489E+02   1.6463909E+02   0.0000000E+00
  1.63835491E+03   1.6464295E+02   1.6463711E+02   0.0000000E+00
  1.64835491E+03   1.6464100E+02   1.6463513E+02   0.0000000E+00
  1.65835491E+03   1.6463906E+02   1.6463316E+02   0.0000000E+00
  1.66835491E+03   1.6463713E+02   1.6463119E+02   0.0000000E+00
  1.67835491E+03   1.6463519E+02   1.6462922E+02   0.0000000E+00
  1.68835491E+03   1.6463326E+02   1.6462725E+02   0.0000000E+00
  1.69835491E+03   1.6463132E+02   1.6462529E+02   0.0000000E+00
  1.70835491E+03   1.6462939E+02   1.6462332E+02   0.0000000E+00
  1.71835491E+03   1.6462746E+02   1.6462136E+02   0.0000000E+00
  1.72835491E+03   1.6462554E+02   1.6461939E+02   0.0000000E+00
  1.73835491E+03   1.6462361E+02   1.6461743E+02   0.0000000E+00
  1.74835491E+03   1.6462169E+02   1.6461547E+02   0.0000000E+00
  1.75835491E+03   1.6461976E+02   1.6461351E+02   0.0000000E+00
  1.76835491E+03   1.6461785E+02   1.6461156E+02   0.0000000E+00
  1.77835491E+03   1.6461593E+02   1.6460960E+02   0.0000000E+00
  1.78835491E+03   1.6461401E+02   1.6460765E+02   0.0000000E+00
  1.79835491E+03   1.6461210E+02   1.6460570E+02   0.0000000E+00
  1.80835491E+03   1.6461018E+02   1.6460376E+02   0.0000000E+00
  1.81835491E+03   1.6460827E+02   1.6460182E+02   0.0000000E+00
  1.82835491E+03   1.6460636E+02   1.6459988E+02   0.0000000E+00
  1.83835491E+03   1.6460445E+02   1.6459794E+02   0.0000000E+00
  1.84835491E+03   1.6460255E+02   1.6459600E+02   0.0000000E+00
  1.85835491E+03   1.6460064E+02   1.6459406E+02   0.0000000E+00
  1.86835491E+03   1.6459874E+02   1.6459212E+02   0.0000000E+00
  1.87835491E+03   1.6459684E+02   1.6459019E+02   0.0000000E+00
  1.88835491E+03   1.6459494E+02   1.6458825E+02   0.0000000E+00
  1.89835491E+03   1.6459305E+02   1.6458632E+02   0.0000000E+00
  1.90835491E+03   1.6459114E+02   1.6458439E+02   0.0000000E+00
  1.91835491E+03   1.6458925E+02   1.6458246E+02   0.0000000E+00
  1.92835491E+03   1.6458736E+02   1.6458054E+02   0.0000000E+00
  1.93835491E+03   1.6458547E+02   1.6457862E+02   0.0000000E+00
  1.94835491E+03   1.6458358E+02   1.6457670E+02   0.0000000E+00
  1.95835491E+03   1.6458170E+02   1.6457478E+02   0.0000000E+00
  1.96835491E+03   1.6457981E+02   1.6457286E+02   0.0000000E+00
  1.97835491E+03   1.6457793E+02   1.6457094E+02   0.0000000E+00
  1.98835491E+03   1.6457605E+02   1.6456902E+02   0.0000000E+00
  1.99835491E+03   1.6457417E+02   1.6456710E+02   0.0000000E+00
  2.00835491E+03   1.6457230E+02   1.6456518E+02   0.0000000E+00
  2.01835491E+03   1.6457042E+02   1.6456326E+02   0.0000000E+00
  2.02835491E+03   1.6456855E+02   1.6456134E+02   0.0000000E+00
  2.03835491E+03   1.6456668E+02   1.6455942E+02   0.0000000E+00
  2.04835491E+03   1.6456481E+02   1.6455752E+02   0.0000000E+00
  2.05835491E+03   1.6456295E+02   1.6455561E+02   0.0000000E+00
  2.06835491E+03   1.6456108E+02   1.6455370E+02   0.0000000E+00
  2.07835491E+03   1.6455922E+02   1.6455180E+02   0.0000000E+00
  2.08835491E+03   1.6455736E+02   1.6454989E+02   0.0000000E+00
  2.09835491E+03   1.6455551E+02   1.6454799E+02   0.0000000E+00
  2.10835491E+03   1.6455365E+02   1.6454609E+02   0.0000000E+00
  2.11835491E+03   1.6455179E+02   1.6454419E+02   0.0000000E+00
  2.12835491E+03   1.6454994E+02   1.6454230E+02   0.0000000E+00
  2.13835491E+03   1.6454809E+02   1.6454041E+02   0.0000000E+00
  2.14835491E+03   1.6454625E+02   1.6453852E+02   0.0000000E+00
  2.15835491E+03   1.6454440E+02   1.6453664E+02   0.0000000E+00
  2.16835491E+03   1.6454256E+02   1.6453475E+02   0.0000000E+00
  2.17835491E+03   1.6454072E+02   1.6453287E+02   0.0000000E+00
  2.18835491E+03   1.6453888E+02   1.6453099E+02   0.0000000E+00
  2.19835491E+03   1.6453704E+02   1.6452911E+02   0.0000000E+00
  2.20835491E+03   1.6453520E+02   1.6452723E+02   0.0000000E+00
  2.21835491E+03   1.6453337E+02   1.6452536E+02   0.0000000E+00
  2.22835491E+03   1.6453154E+02   1.6452349E+02   0.0000000E+00
  2.23835491E+03   1.6452971E+02   1.6452162E+02   0.0000000E+00
  2.24835491E+03   1.6452788E+02   1.6451975E+02   0.0000000E+00
  2.25835491E+03   1.6452605E+02   1.6451789E+02   0.0000000E+00
  2.26835491E+03   1.6452423E+02   1.6451602E+02   0.0000000E+00
  2.27835491E+03   1.6452240E+02   1.6451415E+02   0.0000000E+00
  2.28835491E+03   1.6452057E+02   1.6451230E+02   0.0000000E+00
  2.29835491E+03   1.6451875E+02   1.6451044E+02   0.0000000E+00
  2.30835491E+03   1.6451694E+02   1.6450859E+02   0.0000000E+00
  2.31835491E+03   1.6451512E+02   1.6450673E+02   0.0000000E+00
  2.32835491E+03   1.6451330E+02   1.6450488E+02   0.0000000E+00
  2.33835491E+03   1.6451148E+02   1.6450303E+02   0.0000000E+00
  2.34835491E+03   1.6450967E+02   1.6450118E+02   0.0000000E+00
  2.35835491E+03   1.6450786E+02   1.6449934E+02   0.0000000E+00
  2.36835491E+03   1.6450604E+02   1.6449749E+02   0.0000000E+00
  2.37835491E+03   1.6450423E+02   1.6449565E+02   0.0000000E+00
  2.38835491E+03   1.6450243E+02   1.6449381E+02   0.0000000E+00
  2.39835491E+03   1.6450062E+02   1.6449197E+02   0.0000000E+00
  2.40835491E+03   1.6449882E+02   1.6449014E+02   0.0000000E+00
  2.41835491E+03   1.6449701E+02   1.6448830E+02   0.0000000E+00
  2.42835491E+03   1.6449521E+02   1.6448647E+02   0.0000000E+00
  2.43835491E+03   1.6449341E+02   1.6448463E+02   0.0000000E+00
  2.44835491E+03   1.6449161E+02   1.6448280E+02   0.0000000E+00
  2.45835491E+03   1.6448982E+02   1.6448097E+02   0.0000000E+00
  2.46835491E+03   1.6448802E+02   1.6447915E+02   0.0000000E+00
  2.47835491E+03   1.6448623E+02   1.6447732E+02   0.0000000E+00
  2.48835491E+03   1.6448444E+02   1.6447549E+02   0.0000000E+00
  2.49835491E+03   1.6448265E+02   1.6447366E+02   0.0000000E+00
  2.50835491E+03   1.6448086E+02   1.6447183E+02   0.0000000E+00
  2.51835491E+03   1.6447907E+02   1.6447001E+02   0.0000000E+00
  2.52835491E+03   1.6447729E+02   1.6446819E+02   0.0000000E+00
  2.53835491E+03   1.6447551E+02   1.6446636E+02   0.0000000E+00
  2.54835491E+03   1.6447372E+02   1.6446454E+02   0.0000000E+00
  2.55835491E+03   1.6447194E+02   1.6446273E+02   0.0000000E+00
  2.56835491E+03   1.6447016E+02   1.6446091E+02   0.0000000E+00
  2.57835491E+03   1.6446838E+02   1.6445910E+02   0.0000000E+00
  2.58835491E+03   1.6446660E+02   1.6445727E+02   0.0000000E+00
  2.59835491E+03   1.6446483E+02   1.6445547E+02   0.0000000E+00
  2.60835491E+03   1.6446305E+02   1.6445367E+02   0.0000000E+00
  2.61835491E+03   1.6446128E+02   1.6445186E+02   0.0000000E+00
  2.62835491E+03   1.6445951E+02   1.6445005E+02   0.0000000E+00
  2.63835491E+03   1.6445774E+02   1.6444824E+02   0.0000000E+00
  2.64835491E+03   1.6445597E+02   1.6444644E+02   0.0000000E+00
  2.65835491E+03   1.6445421E+02   1.6444464E+02   0.0000000E+00
  2.66835491E+03   1.6445244E+02   1.6444284E+02   0.0000000E+00
  2.67835491E+03   1.6445068E+02   1.6444104E+02   0.0000000E+00
  2.68835491E+03   1.6444892E+02   1.6443924E+02   0.0000000E+00
  2.69835491E+03   1.6444716E+02   1.6443744E+02   0.0000000E+00
  2.70835491E+03   1.6444540E+02   1.6443565E+02   0.0000000E+00
  2.71835491E+03   1.6444364E+02   1.6443385E+02   0.0000000E+00
  2.72835491E+03   1.6444188E+02   1.6443205E+02   0.0000000E+00
  2.73835491E+03   1.6444013E+02   1.6443026E+02   0.0000000E+00
  2.74835491E+03   1.6443838E+02   1.6442847E+02   0.0000000E+00
  2.75835491E+03   1.6443663E+02   1.6442668E+02   0.0000000E+00
  2.76835491E+03   1.6443488E+02   1.6442489E+02   0.0000000E+00
  2.77835491E+03   1.6443313E+02   1.6442310E+02   0.0000000E+00
  2.78835491E+03   1.6443138E+02   1.6442131E+02   0.0000000E+00
  2.79835491E+03   1.6442964E+02   1.6441952E+02   0.0000000E+00
  2.80835491E+03   1.6442790E+02   1.6441773E+02   0.0000000E+00
  2.81835491E+03   1.6442615E+02   1.6441594E+02   0.0000000E+00
  2.82835491E+03   1.6442441E+02   1.6441417E+02   0.0000000E+00
  2.83835491E+03   1.6442267E+02   1.6441238E+02   0.0000000E+00
  2.84835491E+03   1.6442094E+02   1.6441060E+02   0.0000000E+00
  2.85835491E+03   1.6441920E+02   1.6440882E+02   0.0000000E+00
  2.86835491E+03   1.6441747E+02   1.6440704E+02   0.0000000E+00
  2.87835491E+03   1.6441574E+02   1.6440527E+02   0.0000000E+00
  2.88835491E+03   1.6441401E+02   1.6440349E+02   0.0000000E+00
  2.89835491E+03   1.6441228E+02   1.6440173E+02   0.0000000E+00
  2.90835491E+03   1.6441055E+02   1.6439995E+02   0.0000000E+00
  2.91835491E+03   1.6440883E+02   1.6439818E+02   0.0000000E+00
  2.92835491E+03   1.6440710E+02   1.6439640E+02   0.0000000E+00
  2.93835491E+03   1.6440538E+02   1.6439463E+02   0.0000000E+00
  2.94835491E+03   1.6440366E+02   1.6439285E+02   0.0000000E+00
  2.95835491E+03   1.6440195E+02   1.6439108E+02   0.0000000E+00
  2.96835491E+03   1.6440023E+02   1.6438931E+02   0.0000000E+00
  2.97835491E+03   1.6439850E+02   1.6438754E+02   0.0000000E+00
  2.98835491E+03   1.6439679E+02   1.6438578E+02   0.0000000E+00
  2.99835491E+03   1.6439508E+02   1.6438402E+02   0.0000000E+00
  3.00835491E+03   1.6439337E+02   1.6438226E+02   0.0000000E+00
  3.01835491E+03   1.6439166E+02   1.6438051E+02   0.0000000E+00
  3.02835491E+03   1.6438995E+02   1.6437875E+02   0.0000000E+00
  3.03835491E+03   1.6438825E+02   1.6437700E+02   0.0000000E+00
  3.04835491E+03   1.6438654E+02   1.6437525E+02   0.0000000E+00
  3.05835491E+03   1.6438484E+02   1.6437351E+02   0.0000000E+00
  3.06835491E+03   1.6438314E+02   1.6437176E+02   0.0000000E+00
  3.07835491E+03   1.6438143E+02   1.6437001E+02   0.0000000E+00
  3.08835491E+03   1.6437974E+02   1.6436827E+02   0.0000000E+00
  3.09835491E+03   1.6437804E+02   1.6436653E+02   0.0000000E+00
  3.10835491E+03   1.6437634E+02   1.6436480E+02   0.0000000E+00
  3.11835491E+03   1.6437465E+02   1.6436307E+02   0.0000000E+00
  3.12835491E+03   1.6437295E+02   1.6436134E+02   0.0000000E+00
  3.13835491E+03   1.6437126E+02   1.6435961E+02   0.0000000E+00
  3.14835491E+03   1.6436957E+02   1.6435788E+02   0.0000000E+00
  3.15835491E+03   1.6436788E+02   1.6435615E+02   0.0000000E+00
  3.16835491E+03   1.6436619E+02   1.6435443E+02   0.0000000E+00
  3.17835491E+03   1.6436451E+02   1.6435270E+02   0.0000000E+00
  3.18835491E+03   1.6436282E+02   1.6435098E+02   0.0000000E+00
  3.19835491E+03   1.6436114E+02   1.6434926E+02   0.0000000E+00
  3.20835491E+03   1.6435946E+02   1.6434754E+02   0.0000000E+00
  3.21835491E+03   1.6435778E+02   1.6434582E+02   0.0000000E+00
  3.22835491E+03   1.6435610E+02   1.6434411E+02   0.0000000E+00
  3.23835491E+03   1.6435442E+02   1.6434239E+02   0.0000000E+00
  3.24835491E+03   1.6435274E+02   1.6434067E+02   0.0000000E+00
  3.25835491E+03   1.6435107E+02   1.6433896E+02   0.0000000E+00
  3.26835491E+03   1.6434939E+02   1.6433724E+02   0.0000000E+00
  3.27835491E+03   1.6434772E+02   1.6433553E+02   0.0000000E+00
  3.28835491E+03   1.6434605E+02   1.6433381E+02   0.0000000E+00
  3.29835491E+03   1.6434438E+02   1.6433210E+02   0.0000000E+00
  3.30835491E+03   1.6434271E+02   1.6433039E+02   0.0000000E+00
  3.31835491E+03   1.6434104E+02   1.6432868E+02   0.0000000E+00
  3.32835491E+03   1.6433937E+02   1.6432698E+02   0.0000000E+00
  3.33835491E+03   1.6433771E+02   1.6432527E+02   0.0000000E+00
  3.34835491E+03   1.6433605E+02   1.6432357E+02   0.0000000E+00
  3.35835491E+03   1.6433438E+02   1.6432187E+02   0.0000000E+00
  3.36835491E+03   1.6433272E+02   1.6432017E+02   0.0000000E+00
  3.37835491E+03   1.6433106E+02   1.6431847E+02   0.0000000E+00
  3.38835491E+03   1.6432940E+02   1.6431677E+02   0.0000000E+00
  3.39835491E+03   1.6432775E+02   1.6431507E+02   0.0000000E+00
  3.40835491E+03   1.6432609E+02   1.6431339E+02   0.0000000E+00
  3.41835491E+03   1.6432444E+02   1.6431169E+02   0.0000000E+00
  3.42835491E+03   1.6432279E+02   1.6430999E+02   0.0000000E+00
  3.43835491E+03   1.6432114E+02   1.6430830E+02   0.0000000E+00
  3.44835491E+03   1.6431949E+02   1.6430660E+02   0.0000000E+00
  3.45835491E+03   1.6431783E+02   1.6430490E+02   0.0000000E+00
  3.46835491E+03   1.6431619E+02   1.6430321E+02   0.0000000E+00
  3.47835491E+03   1.6431454E+02   1.6430152E+02   0.0000000E+00
  3.48835491E+03   1.6431290E+02   1.6429983E+02   0.0000000E+00
  3.49835491E+03   1.6431126E+02   1.6429814E+02   0.0000000E+00
  3.50835491E+03   1.6430962E+02   1.6429646E+02   0.0000000E+00
  3.51835491E+03   1.6430798E+02   1.6429477E+02   0.0000000E+00
  3.52835491E+03   1.6430634E+02   1.6429309E+02   0.0000000E+00
  3.53835491E+03   1.6430470E+02   1.6429141E+02   0.0000000E+00
  3.54835491E+03   1.6430307E+02   1.6428974E+02   0.0000000E+00
  3.55835491E+03   1.6430143E+02   1.6428806E+02   0.0000000E+00
  3.56835491E+03   1.6429980E+02   1.6428637E+02   0.0000000E+00
  3.57835491E+03   1.6429817E+02   1.6428469E+02   0.0000000E+00
  3.58835491E+03   1.6429654E+02   1.6428301E+02   0.0000000E+00
  3.59417746E+03   1.6429559E+02   1.6428203E+02   0.0000000E+00
  3.60000000E+03   1.6429465E+02   1.6428105E+02   0.0000000E+00
