#       2
#          TIME              381             441
  1.00000000E-02   0.0000000E+00   0.0000000E+00   0.0000000E+00   0.0000000E+00   0.0000000E+00   6.9532116-310
  1.50000000E-02   9.0247192E-10   0.0000000E+00   0.0000000E+00   0.0000000E+00   0.0000000E+00   6.9532116-310
  2.05000000E-02   1.7101719E-09   0.0000000E+00   3.0817497E-11   0.0000000E+00   0.0000000E+00   6.9532116-310
  2.65500000E-02   2.7050230E-09   0.0000000E+00   6.9829563E-11   0.0000000E+00   0.0000000E+00   6.9532116-310
  3.26000000E-02   3.7874646E-09   0.0000000E+00   1.1729951E-10   0.0000000E+00   0.0000000E+00   6.9532116-310
  3.86500000E-02   4.9503250E-09   0.0000000E+00   1.6912074E-10   0.0000000E+00   0.0000000E+00   6.9532116-310
  4.47000000E-02   6.1810967E-09   0.0000000E+00   2.2807271E-10   0.0000000E+00   0.0000000E+00   6.9532116-310
  4.77250000E-02   6.8265649E-09   0.0000000E+00   2.9088644E-10   0.0000000E+00   0.0000000E+00   6.9532116-310
  5.10525000E-02   7.5460566E-09   0.0000000E+00   3.2396602E-10   0.0000000E+00   0.0000000E+00   6.9532116-310
  5.47127500E-02   8.3606188E-09   0.0000000E+00   3.6117553E-10   0.0000000E+00   0.0000000E+00   6.9532116-310
  5.83730000E-02   9.1994344E-09   0.0000000E+00   4.0309087E-10   0.0000000E+00   0.0000000E+00   6.9532116-310
  6.23992750E-02   1.0144746E-08   0.0000000E+00   4.4601548E-10   0.0000000E+00   0.0000000E+00   6.9532116-310
  6.64255500E-02   1.1113565E-08   0.0000000E+00   4.9424926E-10   0.0000000E+00   0.0000000E+00   6.9532116-310
  7.04518250E-02   1.2102952E-08   0.0000000E+00   5.4354932E-10   0.0000000E+00   0.0000000E+00   6.9532116-310
  7.44781000E-02   1.3111321E-08   0.0000000E+00   5.9381615E-10   0.0000000E+00   0.0000000E+00   6.9532116-310
  7.85043750E-02   1.4138467E-08   0.0000000E+00   6.4498654E-10   0.0000000E+00   0.0000000E+00   6.9532116-310
  8.25306500E-02   1.5184209E-08   0.0000000E+00   6.9700507E-10   0.0000000E+00   0.0000000E+00   6.9532116-310
  8.65569250E-02   1.6247913E-08   0.0000000E+00   7.4982182E-10   0.0000000E+00   0.0000000E+00   6.9532116-310
  9.05832000E-02   1.7329197E-08   0.0000000E+00   8.0339160E-10   0.0000000E+00   0.0000000E+00   6.9532116-310
  9.46094750E-02   1.8428031E-08   0.0000000E+00   8.5767333E-10   0.0000000E+00   0.0000000E+00   6.9532116-310
  9.86357500E-02   1.9543797E-08   0.0000000E+00   9.1262952E-10   0.0000000E+00   0.0000000E+00   6.9532116-310
  1.03064652E-01   2.0788635E-08   0.0000000E+00   9.6822579E-10   0.0000000E+00   0.0000000E+00   6.9532116-310
  1.07493555E-01   2.2051072E-08   0.0000000E+00   1.0300529E-09   0.0000000E+00   0.0000000E+00   6.9532116-310
  1.11922457E-01   2.3330106E-08   0.0000000E+00   1.0926597E-09   0.0000000E+00   0.0000000E+00   6.9532116-310
  1.16351360E-01   2.4625904E-08   0.0000000E+00   1.1559296E-09   0.0000000E+00   0.0000000E+00   6.9532116-310
  1.20780262E-01   2.5937836E-08   0.0000000E+00   1.2198300E-09   0.0000000E+00   0.0000000E+00   6.9532116-310
  1.25209165E-01   2.7265816E-08   0.0000000E+00   1.2843304E-09   0.0000000E+00   0.0000000E+00   6.9532116-310
  1.29638067E-01   2.8609636E-08   0.0000000E+00   1.3494028E-09   0.0000000E+00   0.0000000E+00   6.9532116-310
  1.34066970E-01   2.9969435E-08   0.0000000E+00   1.4150208E-09   0.0000000E+00   0.0000000E+00   6.9532116-310
  1.38495872E-01   3.1344824E-08   0.0000000E+00   1.4811602E-09   0.0000000E+00   0.0000000E+00   6.9532116-310
  1.42924775E-01   3.2736096E-08   0.0000000E+00   1.5477979E-09   0.0000000E+00   0.0000000E+00   6.9532116-310
  1.47353677E-01   3.4142814E-08   0.0000000E+00   1.6149126E-09   0.0000000E+00   0.0000000E+00   6.9532116-310
  1.51782580E-01   3.5562344E-08   0.0000000E+00   1.6824841E-09   0.0000000E+00   0.0000000E+00   6.9532116-310
  1.56211482E-01   3.6995142E-08   0.0000000E+00   1.7504935E-09   0.0000000E+00   0.0000000E+00   6.9532116-310
  1.60640385E-01   3.8440999E-08   0.0000000E+00   1.8189231E-09   0.0000000E+00   0.0000000E+00   6.9532116-310
  1.65512178E-01   4.0044677E-08   0.0000000E+00   1.8877561E-09   0.0000000E+00   0.0000000E+00   6.9532116-310
  1.70383970E-01   4.1663637E-08   0.0000000E+00   1.9639012E-09   0.0000000E+00   0.0000000E+00   6.9532116-310
  1.75255763E-01   4.3296558E-08   0.0000000E+00   2.0406656E-09   0.0000000E+00   0.0000000E+00   6.9532116-310
  1.80127556E-01   4.4943206E-08   0.0000000E+00   2.1178562E-09   0.0000000E+00   0.0000000E+00   6.9532116-310
  1.85486528E-01   4.6771843E-08   0.0000000E+00   2.1955344E-09   0.0000000E+00   0.0000000E+00   6.9532116-310
  1.90845500E-01   4.8616652E-08   0.0000000E+00   2.2840765E-09   0.0000000E+00   0.0000000E+00   6.9532116-310
  1.96740369E-01   5.0663790E-08   0.0000000E+00   2.3730862E-09   0.0000000E+00   0.0000000E+00   6.9532116-310
  2.02635239E-01   5.2728826E-08   0.0000000E+00   2.4714934E-09   0.0000000E+00   0.0000000E+00   6.9532116-310
  2.08530108E-01   5.4809686E-08   0.0000000E+00   2.5704708E-09   0.0000000E+00   0.0000000E+00   6.9532116-310
  2.14424977E-01   5.6906822E-08   0.0000000E+00   2.6699582E-09   0.0000000E+00   0.0000000E+00   6.9532116-310
  2.20319846E-01   5.9020142E-08   0.0000000E+00   2.7699346E-09   0.0000000E+00   0.0000000E+00   6.9532116-310
  2.26214715E-01   6.1147994E-08   0.0000000E+00   2.8703802E-09   0.0000000E+00   0.0000000E+00   6.9532116-310
  2.32109585E-01   6.3291330E-08   0.0000000E+00   2.9712759E-09   0.0000000E+00   0.0000000E+00   6.9532116-310
  2.38004454E-01   6.5447984E-08   0.0000000E+00   3.0726032E-09   0.0000000E+00   0.0000000E+00   6.9532116-310
  2.43899323E-01   6.7617886E-08   0.0000000E+00   3.1743445E-09   0.0000000E+00   0.0000000E+00   6.9532116-310
  2.49794192E-01   6.9801395E-08   0.0000000E+00   3.2764830E-09   0.0000000E+00   0.0000000E+00   6.9532116-310
  2.55689062E-01   7.1997705E-08   0.0000000E+00   3.3790024E-09   0.0000000E+00   0.0000000E+00   6.9532116-310
  2.62173418E-01   7.4428287E-08   0.0000000E+00   3.4818875E-09   0.0000000E+00   0.0000000E+00   6.9532116-310
  2.68657774E-01   7.6873561E-08   0.0000000E+00   3.5954528E-09   0.0000000E+00   0.0000000E+00   6.9532116-310
  2.75142130E-01   7.9333499E-08   0.0000000E+00   3.7096086E-09   0.0000000E+00   0.0000000E+00   6.9532116-310
  2.82274922E-01   8.2054099E-08   0.0000000E+00   3.8258113E-09   0.0000000E+00   0.0000000E+00   6.9532116-310
  2.89407714E-01   8.4790320E-08   0.0000000E+00   3.9542200E-09   0.0000000E+00   0.0000000E+00   6.9532116-310
  2.96540505E-01   8.7540692E-08   0.0000000E+00   4.0831763E-09   0.0000000E+00   0.0000000E+00   6.9532116-310
  3.04386576E-01   9.0580769E-08   0.0000000E+00   4.2126227E-09   0.0000000E+00   0.0000000E+00   6.9532116-310
  3.12232647E-01   9.3636552E-08   0.0000000E+00   4.3555311E-09   0.0000000E+00   0.0000000E+00   6.9532116-310
  3.20078718E-01   9.6706308E-08   0.0000000E+00   4.4990037E-09   0.0000000E+00   0.0000000E+00   6.9532116-310
  3.28709396E-01   1.0009821E-07   0.0000000E+00   4.6429728E-09   0.0000000E+00   0.0000000E+00   6.9532116-310
  3.37340074E-01   1.0350753E-07   0.0000000E+00   4.8018619E-09   0.0000000E+00   0.0000000E+00   6.9532116-310
  3.46833820E-01   1.0727426E-07   0.0000000E+00   4.9613255E-09   0.0000000E+00   0.0000000E+00   6.9532116-310
  3.56327566E-01   1.1105704E-07   0.0000000E+00   5.1372910E-09   0.0000000E+00   0.0000000E+00   6.9532116-310
  3.65821312E-01   1.1485451E-07   0.0000000E+00   5.3138656E-09   0.0000000E+00   0.0000000E+00   6.9532116-310
  3.75315058E-01   1.1866594E-07   0.0000000E+00   5.4909573E-09   0.0000000E+00   0.0000000E+00   6.9532116-310
  3.85758178E-01   1.2287532E-07   0.0000000E+00   5.6685469E-09   0.0000000E+00   0.0000000E+00   6.9532116-310
  3.96201298E-01   1.2710057E-07   0.0000000E+00   5.8644518E-09   0.0000000E+00   0.0000000E+00   6.9532116-310
  4.07688731E-01   1.3176350E-07   0.0000000E+00   6.0609148E-09   0.0000000E+00   0.0000000E+00   6.9532116-310
  4.20324907E-01   1.3690995E-07   0.0000000E+00   6.2775496E-09   0.0000000E+00   0.0000000E+00   6.9532116-310
  4.34224700E-01   1.4259108E-07   0.0000000E+00   6.5165008E-09   0.0000000E+00   0.0000000E+00   6.9532116-310
  4.48124493E-01   1.4829138E-07   0.0000000E+00   6.7800627E-09   0.0000000E+00   0.0000000E+00   6.9532116-310
  4.63414266E-01   1.5458130E-07   0.0000000E+00   7.0443051E-09   0.0000000E+00   0.0000000E+00   6.9532116-310
  4.80233016E-01   1.6152163E-07   0.0000000E+00   7.3356001E-09   0.0000000E+00   0.0000000E+00   6.9532116-310
  4.98733640E-01   1.6918091E-07   0.0000000E+00   7.6567947E-09   0.0000000E+00   0.0000000E+00   6.9532116-310
  5.17234265E-01   1.7686281E-07   0.0000000E+00   8.0109301E-09   0.0000000E+00   0.0000000E+00   6.9532116-310
  5.37584953E-01   1.8533321E-07   0.0000000E+00   8.3658040E-09   0.0000000E+00   0.0000000E+00   6.9532116-310
  5.59970709E-01   1.9467229E-07   0.0000000E+00   8.7568224E-09   0.0000000E+00   0.0000000E+00   6.9532116-310
  5.82356465E-01   2.0403219E-07   0.0000000E+00   9.1877484E-09   0.0000000E+00   0.0000000E+00   6.9532116-310
  6.04742221E-01   2.1340866E-07   0.0000000E+00   9.6193536E-09   0.0000000E+00   0.0000000E+00   6.9532116-310
  6.29366553E-01   2.2374218E-07   0.0000000E+00   1.0051411E-08   0.0000000E+00   0.0000000E+00   6.9532116-310
  6.53990884E-01   2.3409026E-07   0.0000000E+00   1.0527153E-08   0.0000000E+00   0.0000000E+00   6.9532116-310
  6.81077649E-01   2.4548719E-07   0.0000000E+00   1.1003393E-08   0.0000000E+00   0.0000000E+00   6.9532116-310
  7.10873091E-01   2.5803884E-07   0.0000000E+00   1.1527640E-08   0.0000000E+00   0.0000000E+00   6.9532116-310
  7.40668532E-01   2.7060132E-07   0.0000000E+00   1.2104867E-08   0.0000000E+00   0.0000000E+00   6.9532116-310
  7.73443517E-01   2.8443249E-07   0.0000000E+00   1.2682455E-08   0.0000000E+00   0.0000000E+00   6.9532116-310
  8.09496001E-01   2.9965863E-07   0.0000000E+00   1.3318046E-08   0.0000000E+00   0.0000000E+00   6.9532116-310
  8.49153734E-01   3.1641805E-07   0.0000000E+00   1.4017637E-08   0.0000000E+00   0.0000000E+00   6.9532116-310
  8.92777239E-01   3.3486296E-07   0.0000000E+00   1.4787591E-08   0.0000000E+00   0.0000000E+00   6.9532116-310
  9.40763096E-01   3.5516134E-07   0.0000000E+00   1.5634901E-08   0.0000000E+00   0.0000000E+00   6.9532116-310
  9.93547538E-01   3.7750014E-07   0.0000000E+00   1.6567255E-08   0.0000000E+00   0.0000000E+00   6.9532116-310
  1.04633198E+00   3.9983605E-07   0.0000000E+00   1.7593101E-08   0.0000000E+00   0.0000000E+00   6.9532116-310
  1.10439487E+00   4.2440822E-07   0.0000000E+00   1.8618725E-08   0.0000000E+00   0.0000000E+00   6.9532116-310
  1.16245775E+00   4.4897362E-07   0.0000000E+00   1.9746738E-08   0.0000000E+00   0.0000000E+00   6.9532116-310
  1.22632693E+00   4.7599617E-07   0.0000000E+00   2.0874391E-08   0.0000000E+00   0.0000000E+00   6.9532116-310
  1.29019610E+00   5.0300847E-07   0.0000000E+00   2.2114556E-08   0.0000000E+00   0.0000000E+00   6.9532116-310
  1.36045219E+00   5.3272263E-07   0.0000000E+00   2.3354245E-08   0.0000000E+00   0.0000000E+00   6.9532116-310
  1.43773389E+00   5.6541143E-07   0.0000000E+00   2.4717602E-08   0.0000000E+00   0.0000000E+00   6.9532116-310
  1.51501560E+00   5.9808336E-07   0.0000000E+00   2.6217443E-08   0.0000000E+00   0.0000000E+00   6.9532116-310
  1.60002547E+00   6.3402136E-07   0.0000000E+00   2.7716532E-08   0.0000000E+00   0.0000000E+00   6.9532116-310
  1.68503534E+00   6.6993990E-07   0.0000000E+00   2.9365170E-08   0.0000000E+00   0.0000000E+00   6.9532116-310
  1.77854620E+00   7.0944973E-07   0.0000000E+00   3.1012934E-08   0.0000000E+00   0.0000000E+00   6.9532116-310
  1.87205706E+00   7.4893798E-07   0.0000000E+00   3.2825126E-08   0.0000000E+00   0.0000000E+00   6.9532116-310
  1.97491900E+00   7.9237781E-07   0.0000000E+00   3.4636304E-08   0.0000000E+00   0.0000000E+00   6.9532116-310
  2.08806714E+00   8.4017011E-07   0.0000000E+00   3.6628280E-08   0.0000000E+00   0.0000000E+00   6.9532116-310
  2.21253009E+00   8.9274700E-07   0.0000000E+00   3.8819851E-08   0.0000000E+00   0.0000000E+00   6.9532116-310
  2.34943934E+00   9.5058791E-07   0.0000000E+00   4.1230997E-08   0.0000000E+00   0.0000000E+00   6.9532116-310
  2.48634859E+00   1.0083833E-06   0.0000000E+00   4.3883716E-08   0.0000000E+00   0.0000000E+00   6.9532116-310
  2.63694876E+00   1.0719640E-06   0.0000000E+00   4.6534167E-08   0.0000000E+00   0.0000000E+00   6.9532116-310
  2.80260895E+00   1.1419168E-06   0.0000000E+00   4.9449429E-08   0.0000000E+00   0.0000000E+00   6.9532116-310
  2.98483516E+00   1.2188884E-06   0.0000000E+00   5.2657005E-08   0.0000000E+00   0.0000000E+00   6.9532116-310
  3.16706137E+00   1.2957951E-06   0.0000000E+00   5.6186261E-08   0.0000000E+00   0.0000000E+00   6.9532116-310
  3.36751020E+00   1.3804141E-06   0.0000000E+00   5.9711649E-08   0.0000000E+00   0.0000000E+00   6.9532116-310
  3.56795903E+00   1.4649540E-06   0.0000000E+00   6.3589766E-08   0.0000000E+00   0.0000000E+00   6.9532116-310
  3.78845274E+00   1.5579765E-06   0.0000000E+00   6.7463405E-08   0.0000000E+00   0.0000000E+00   6.9532116-310
  4.03099583E+00   1.6603477E-06   0.0000000E+00   7.1724961E-08   0.0000000E+00   0.0000000E+00   6.9532116-310
  4.27353891E+00   1.7626043E-06   0.0000000E+00   7.6414866E-08   0.0000000E+00   0.0000000E+00   6.9532116-310
  4.54033630E+00   1.8751351E-06   0.0000000E+00   8.1098512E-08   0.0000000E+00   0.0000000E+00   6.9532116-310
  4.83381344E+00   1.9989923E-06   0.0000000E+00   8.6252001E-08   0.0000000E+00   0.0000000E+00   6.9532116-310
  5.12729057E+00   2.1226869E-06   0.0000000E+00   9.1924414E-08   0.0000000E+00   0.0000000E+00   6.9532116-310
  5.45011541E+00   2.2588407E-06   0.0000000E+00   9.7586480E-08   0.0000000E+00   0.0000000E+00   6.9532116-310
  5.77294026E+00   2.3948184E-06   0.0000000E+00   1.0381780E-07   0.0000000E+00   0.0000000E+00   6.9532116-310
  6.12804759E+00   2.5445217E-06   0.0000000E+00   1.1003936E-07   0.0000000E+00   0.0000000E+00   6.9532116-310
  6.48315492E+00   2.6940087E-06   0.0000000E+00   1.1688750E-07   0.0000000E+00   0.0000000E+00   6.9532116-310
  6.87377298E+00   2.8585925E-06   0.0000000E+00   1.2372371E-07   0.0000000E+00   0.0000000E+00   6.9532116-310
  7.30345285E+00   3.0398419E-06   0.0000000E+00   1.3124952E-07   0.0000000E+00   0.0000000E+00   6.9532116-310
  7.73313272E+00   3.2207976E-06   0.0000000E+00   1.3953798E-07   0.0000000E+00   0.0000000E+00   6.9532116-310
  8.20578058E+00   3.4201080E-06   0.0000000E+00   1.4780998E-07   0.0000000E+00   0.0000000E+00   6.9532116-310
  8.72569322E+00   3.6397176E-06   0.0000000E+00   1.5691940E-07   0.0000000E+00   0.0000000E+00   6.9532116-310
  9.29759713E+00   3.8816925E-06   0.0000000E+00   1.6695541E-07   0.0000000E+00   0.0000000E+00   6.9532116-310
  9.86950103E+00   4.1231586E-06   0.0000000E+00   1.7801406E-07   0.0000000E+00   0.0000000E+00   6.9532116-310
  1.04985953E+01   4.3892513E-06   0.0000000E+00   1.8904446E-07   0.0000000E+00   0.0000000E+00   6.9532116-310
  1.11905991E+01   4.6825869E-06   0.0000000E+00   2.0119982E-07   0.0000000E+00   0.0000000E+00   6.9532116-310
  1.19518032E+01   5.0060586E-06   0.0000000E+00   2.1460154E-07   0.0000000E+00   0.0000000E+00   6.9532116-310
  1.27891277E+01   5.3628379E-06   0.0000000E+00   2.2938145E-07   0.0000000E+00   0.0000000E+00   6.9532116-310
  1.37101846E+01   5.7564783E-06   0.0000000E+00   2.4568651E-07   0.0000000E+00   0.0000000E+00   6.9532116-310
  1.47233473E+01   6.1910447E-06   0.0000000E+00   2.6368071E-07   0.0000000E+00   0.0000000E+00   6.9532116-310
  1.57365099E+01   6.6242058E-06   0.0000000E+00   2.8354764E-07   0.0000000E+00   0.0000000E+00   6.9532116-310
  1.68509889E+01   7.1025555E-06   0.0000000E+00   3.0333514E-07   0.0000000E+00   0.0000000E+00   6.9532116-310
  1.80769157E+01   7.6311278E-06   0.0000000E+00   3.2519503E-07   0.0000000E+00   0.0000000E+00   6.9532116-310
  1.94254352E+01   8.2154829E-06   0.0000000E+00   3.4936213E-07   0.0000000E+00   0.0000000E+00   6.9532116-310
  2.07739547E+01   8.7973903E-06   0.0000000E+00   3.7609803E-07   0.0000000E+00   0.0000000E+00   6.9532116-310
  2.22573261E+01   9.4411539E-06   0.0000000E+00   4.0270610E-07   0.0000000E+00   0.0000000E+00   6.9532116-310
  2.37406975E+01   1.0082124E-05   0.0000000E+00   4.3216694E-07   0.0000000E+00   0.0000000E+00   6.9532116-310
  2.52240690E+01   1.0720432E-05   0.0000000E+00   4.6147857E-07   0.0000000E+00   0.0000000E+00   6.9532116-310
  2.68557776E+01   1.1427839E-05   0.0000000E+00   4.9064138E-07   0.0000000E+00   0.0000000E+00   6.9532116-310
  2.86506570E+01   1.2212384E-05   0.0000000E+00   5.2300839E-07   0.0000000E+00   0.0000000E+00   6.9532116-310
  3.04455365E+01   1.2993391E-05   0.0000000E+00   5.5896810E-07   0.0000000E+00   0.0000000E+00   6.9532116-310
  3.24199039E+01   1.3860203E-05   0.0000000E+00   5.9472728E-07   0.0000000E+00   0.0000000E+00   6.9532116-310
  3.45917080E+01   1.4823985E-05   0.0000000E+00   6.3446377E-07   0.0000000E+00   0.0000000E+00   6.9532116-310
  3.69806925E+01   1.5897574E-05   0.0000000E+00   6.7869833E-07   0.0000000E+00   0.0000000E+00   6.9532116-310
  3.96085755E+01   1.7095599E-05   0.0000000E+00   7.2799806E-07   0.0000000E+00   0.0000000E+00   6.9532116-310
  4.24992468E+01   1.8434906E-05   0.0000000E+00   7.8304227E-07   0.0000000E+00   0.0000000E+00   6.9532116-310
  4.56789853E+01   1.9936393E-05   0.0000000E+00   8.4462877E-07   0.0000000E+00   0.0000000E+00   6.9532116-310
  4.91766975E+01   2.1624326E-05   0.0000000E+00   9.1370511E-07   0.0000000E+00   0.0000000E+00   6.9532116-310
  5.26744098E+01   2.3303461E-05   0.0000000E+00   9.9140102E-07   0.0000000E+00   0.0000000E+00   6.9532116-310
  5.61721221E+01   2.4975882E-05   0.0000000E+00   1.0682520E-06   0.0000000E+00   0.0000000E+00   6.9532116-310
  6.00196056E+01   2.6865926E-05   0.0000000E+00   1.1443037E-06   0.0000000E+00   0.0000000E+00   6.9532116-310
  6.42518374E+01   2.9010656E-05   0.0000000E+00   1.2301651E-06   0.0000000E+00   0.0000000E+00   6.9532116-310
  6.84840693E+01   3.1147815E-05   0.0000000E+00   1.3274942E-06   0.0000000E+00   0.0000000E+00   6.9532116-310
  7.27163011E+01   3.3279294E-05   0.0000000E+00   1.4235382E-06   0.0000000E+00   0.0000000E+00   6.9532116-310
  7.73717562E+01   3.5711975E-05   0.0000000E+00   1.5183235E-06   0.0000000E+00   0.0000000E+00   6.9532116-310
  8.24927567E+01   3.8506176E-05   0.0000000E+00   1.6262999E-06   0.0000000E+00   0.0000000E+00   6.9532116-310
  8.76137572E+01   4.1296082E-05   0.0000000E+00   1.7500487E-06   0.0000000E+00   0.0000000E+00   6.9532116-310
  9.32468578E+01   4.4527836E-05   0.0000000E+00   1.8716564E-06   0.0000000E+00   0.0000000E+00   6.9532116-310
  9.94432685E+01   4.8312140E-05   0.0000000E+00   2.0120919E-06   0.0000000E+00   0.0000000E+00   6.9532116-310
  1.06259320E+02   5.2817241E-05   0.0000000E+00   2.1758486E-06   0.0000000E+00   0.0000000E+00   6.9532116-310
  1.13756977E+02   5.8304129E-05   0.0000000E+00   2.3693141E-06   0.0000000E+00   0.0000000E+00   6.9532116-310
  1.22004400E+02   6.2353686E-05   0.0000000E+00   2.6788329E-06   0.0000000E+00   0.0000000E+00   6.9532116-310
  1.30251822E+02   6.6382571E-05   0.0000000E+00   2.8304324E-06   0.0000000E+00   0.0000000E+00   6.9532116-310
  1.39323987E+02   7.0994799E-05   0.0000000E+00   2.9895157E-06   0.0000000E+00   0.0000000E+00   6.9532116-310
  1.48396152E+02   7.5574437E-05   0.0000000E+00   3.1553799E-06   0.0000000E+00   0.0000000E+00   6.9532116-310
  1.58375533E+02   8.0856559E-05   0.0000000E+00   3.3294729E-06   0.0000000E+00   0.0000000E+00   6.9532116-310
  1.68354915E+02   8.6079340E-05   0.0000000E+00   3.5109003E-06   0.0000000E+00   0.0000000E+00   6.9532116-310
  1.78354915E+02   9.1244095E-05   0.0000000E+00   3.6869480E-06   0.0000000E+00   0.0000000E+00   6.9532116-310
  1.88354915E+02   9.6316856E-05   0.0000000E+00   3.8577972E-06   0.0000000E+00   0.0000000E+00   6.9532116-310
  1.98354915E+02   1.0128154E-04   0.0000000E+00   4.0232787E-06   0.0000000E+00   0.0000000E+00   6.9532116-310
  2.08354915E+02   1.0612810E-04   0.0000000E+00   4.1827332E-06   0.0000000E+00   0.0000000E+00   6.9532116-310
  2.18354915E+02   1.1084582E-04   0.0000000E+00   4.3371571E-06   0.0000000E+00   0.0000000E+00   6.9532116-310
  2.28354915E+02   1.1542884E-04   0.0000000E+00   4.4877486E-06   0.0000000E+00   0.0000000E+00   6.9532116-310
  2.38354915E+02   1.1987036E-04   0.0000000E+00   4.6339858E-06   0.0000000E+00   0.0000000E+00   6.9532116-310
  2.48354915E+02   1.2416633E-04   0.0000000E+00   4.7749336E-06   0.0000000E+00   0.0000000E+00   6.9532116-310
  2.58354915E+02   1.2831772E-04   0.0000000E+00   4.9111811E-06   0.0000000E+00   0.0000000E+00   6.9532116-310
  2.68354915E+02   1.3232242E-04   0.0000000E+00   5.0439213E-06   0.0000000E+00   0.0000000E+00   6.9532116-310
  2.78354915E+02   1.3618086E-04   0.0000000E+00   5.1728516E-06   0.0000000E+00   0.0000000E+00   6.9532116-310
  2.88354915E+02   1.3989199E-04   0.0000000E+00   5.2979021E-06   0.0000000E+00   0.0000000E+00   6.9532116-310
  2.98354915E+02   1.4346015E-04   0.0000000E+00   5.4191343E-06   0.0000000E+00   0.0000000E+00   6.9532116-310
  3.08354915E+02   1.4688033E-04   0.0000000E+00   5.5366412E-06   0.0000000E+00   0.0000000E+00   6.9532116-310
  3.18354915E+02   1.4957481E-04   0.0000000E+00   5.6576530E-06   0.0000000E+00   0.0000000E+00   6.9532116-310
  3.28354915E+02   1.5217570E-04   0.0000000E+00   5.7510370E-06   0.0000000E+00   0.0000000E+00   6.9532116-310
  3.38354915E+02   1.5468512E-04   0.0000000E+00   5.8419491E-06   0.0000000E+00   0.0000000E+00   6.9532116-310
  3.48354915E+02   1.5710607E-04   0.0000000E+00   5.9304481E-06   0.0000000E+00   0.0000000E+00   6.9532116-310
  3.58354915E+02   1.5944104E-04   0.0000000E+00   6.0165960E-06   0.0000000E+00   0.0000000E+00   6.9532116-310
  3.68354915E+02   1.6169307E-04   0.0000000E+00   6.1004531E-06   0.0000000E+00   0.0000000E+00   6.9532116-310
  3.78354915E+02   1.6386331E-04   0.0000000E+00   6.1820608E-06   0.0000000E+00   0.0000000E+00   6.9532116-310
  3.88354915E+02   1.6595655E-04   0.0000000E+00   6.2614897E-06   0.0000000E+00   0.0000000E+00   6.9532116-310
  3.98354915E+02   1.6797461E-04   0.0000000E+00   6.3388135E-06   0.0000000E+00   0.0000000E+00   6.9532116-310
  4.08354915E+02   1.6991942E-04   0.0000000E+00   6.4141023E-06   0.0000000E+00   0.0000000E+00   6.9532116-310
  4.18354915E+02   1.7179155E-04   0.0000000E+00   6.4874167E-06   0.0000000E+00   0.0000000E+00   6.9532116-310
  4.28354915E+02   1.7359575E-04   0.0000000E+00   6.5588149E-06   0.0000000E+00   0.0000000E+00   6.9532116-310
  4.38354915E+02   1.7533368E-04   0.0000000E+00   6.6283473E-06   0.0000000E+00   0.0000000E+00   6.9532116-310
  4.48354915E+02   1.7700742E-04   0.0000000E+00   6.6960626E-06   0.0000000E+00   0.0000000E+00   6.9532116-310
  4.58354915E+02   1.7861545E-04   0.0000000E+00   6.7619998E-06   0.0000000E+00   0.0000000E+00   6.9532116-310
  4.68354915E+02   1.8016575E-04   0.0000000E+00   6.8262114E-06   0.0000000E+00   0.0000000E+00   6.9532116-310
  4.78354915E+02   1.8165479E-04   0.0000000E+00   6.8887035E-06   0.0000000E+00   0.0000000E+00   6.9532116-310
  4.88354915E+02   1.8308784E-04   0.0000000E+00   6.9494182E-06   0.0000000E+00   0.0000000E+00   6.9532116-310
  4.98354915E+02   1.8446752E-04   0.0000000E+00   7.0085271E-06   0.0000000E+00   0.0000000E+00   6.9532116-310
  5.08354915E+02   1.8579458E-04   0.0000000E+00   7.0661129E-06   0.0000000E+00   0.0000000E+00   6.9532116-310
  5.18354915E+02   1.8707032E-04   0.0000000E+00   7.1221714E-06   0.0000000E+00   0.0000000E+00   6.9532116-310
  5.28354915E+02   1.8829638E-04   0.0000000E+00   7.1767193E-06   0.0000000E+00   0.0000000E+00   6.9532116-310
  5.38354915E+02   1.8947184E-04   0.0000000E+00   7.2297844E-06   0.0000000E+00   0.0000000E+00   6.9532116-310
  5.48354915E+02   1.9060214E-04   0.0000000E+00   7.2814002E-06   0.0000000E+00   0.0000000E+00   6.9532116-310
  5.58354915E+02   1.9168802E-04   0.0000000E+00   7.3315997E-06   0.0000000E+00   0.0000000E+00   6.9532116-310
  5.68354915E+02   1.9273048E-04   0.0000000E+00   7.3804150E-06   0.0000000E+00   0.0000000E+00   6.9532116-310
  5.78354915E+02   1.9373142E-04   0.0000000E+00   7.4278761E-06   0.0000000E+00   0.0000000E+00   6.9532116-310
  5.88354915E+02   1.9468607E-04   0.0000000E+00   7.4711682E-06   0.0000000E+00   0.0000000E+00   6.9532116-310
  5.98354915E+02   1.9560388E-04   0.0000000E+00   7.5132737E-06   0.0000000E+00   0.0000000E+00   6.9532116-310
  6.08354915E+02   1.9648454E-04   0.0000000E+00   7.5556018E-06   0.0000000E+00   0.0000000E+00   6.9532116-310
  6.18354915E+02   1.9732831E-04   0.0000000E+00   7.5973410E-06   0.0000000E+00   0.0000000E+00   6.9532116-310
  6.28354915E+02   1.9813745E-04   0.0000000E+00   7.6380955E-06   0.0000000E+00   0.0000000E+00   6.9532116-310
  6.38354915E+02   1.9891373E-04   0.0000000E+00   7.6777199E-06   0.0000000E+00   0.0000000E+00   6.9532116-310
  6.48354915E+02   1.9965760E-04   0.0000000E+00   7.7161749E-06   0.0000000E+00   0.0000000E+00   6.9532116-310
  6.58354915E+02   2.0037073E-04   0.0000000E+00   7.7535664E-06   0.0000000E+00   0.0000000E+00   6.9532116-310
  6.68354915E+02   2.0105385E-04   0.0000000E+00   7.7899734E-06   0.0000000E+00   0.0000000E+00   6.9532116-310
  6.78354915E+02   2.0170446E-04   0.0000000E+00   7.8252515E-06   0.0000000E+00   0.0000000E+00   6.9532116-310
  6.88354915E+02   2.0232739E-04   0.0000000E+00   7.8594286E-06   0.0000000E+00   0.0000000E+00   6.9532116-310
  6.98354915E+02   2.0292221E-04   0.0000000E+00   7.8925391E-06   0.0000000E+00   0.0000000E+00   6.9532116-310
  7.08354915E+02   2.0349233E-04   0.0000000E+00   7.9246173E-06   0.0000000E+00   0.0000000E+00   6.9532116-310
  7.18354915E+02   2.0403787E-04   0.0000000E+00   7.9556901E-06   0.0000000E+00   0.0000000E+00   6.9532116-310
  7.28354915E+02   2.0455895E-04   0.0000000E+00   7.9857825E-06   0.0000000E+00   0.0000000E+00   6.9532116-310
  7.38354915E+02   2.0505637E-04   0.0000000E+00   8.0149212E-06   0.0000000E+00   0.0000000E+00   6.9532116-310
  7.48354915E+02   2.0552903E-04   0.0000000E+00   8.0431032E-06   0.0000000E+00   0.0000000E+00   6.9532116-310
  7.58354915E+02   2.0597952E-04   0.0000000E+00   8.0703775E-06   0.0000000E+00   0.0000000E+00   6.9532116-310
  7.68354915E+02   2.0640862E-04   0.0000000E+00   8.0967793E-06   0.0000000E+00   0.0000000E+00   6.9532116-310
  7.78354915E+02   2.0681701E-04   0.0000000E+00   8.1223234E-06   0.0000000E+00   0.0000000E+00   6.9532116-310
  7.88354915E+02   2.0720698E-04   0.0000000E+00   8.1470282E-06   0.0000000E+00   0.0000000E+00   6.9532116-310
  7.98354915E+02   2.0757820E-04   0.0000000E+00   8.1709142E-06   0.0000000E+00   0.0000000E+00   6.9532116-310
  8.08354915E+02   2.0793066E-04   0.0000000E+00   8.1940010E-06   0.0000000E+00   0.0000000E+00   6.9532116-310
  8.18354915E+02   2.0826326E-04   0.0000000E+00   8.2162967E-06   0.0000000E+00   0.0000000E+00   6.9532116-310
  8.28354915E+02   2.0857867E-04   0.0000000E+00   8.2378216E-06   0.0000000E+00   0.0000000E+00   6.9532116-310
  8.38354915E+02   2.0887710E-04   0.0000000E+00   8.2586029E-06   0.0000000E+00   0.0000000E+00   6.9532116-310
  8.48354915E+02   2.0915891E-04   0.0000000E+00   8.2786621E-06   0.0000000E+00   0.0000000E+00   6.9532116-310
  8.58354915E+02   2.0942450E-04   0.0000000E+00   8.2980163E-06   0.0000000E+00   0.0000000E+00   6.9532116-310
  8.68354915E+02   2.0967442E-04   0.0000000E+00   8.3166813E-06   0.0000000E+00   0.0000000E+00   6.9532116-310
  8.78354915E+02   2.0990969E-04   0.0000000E+00   8.3346734E-06   0.0000000E+00   0.0000000E+00   6.9532116-310
  8.88354915E+02   2.1013114E-04   0.0000000E+00   8.3520090E-06   0.0000000E+00   0.0000000E+00   6.9532116-310
  8.98354915E+02   2.1034048E-04   0.0000000E+00   8.3687039E-06   0.0000000E+00   0.0000000E+00   6.9532116-310
  9.08354915E+02   2.1053546E-04   0.0000000E+00   8.3846918E-06   0.0000000E+00   0.0000000E+00   6.9532116-310
  9.18354915E+02   2.1071898E-04   0.0000000E+00   8.4000552E-06   0.0000000E+00   0.0000000E+00   6.9532116-310
  9.28354915E+02   2.1089151E-04   0.0000000E+00   8.4148420E-06   0.0000000E+00   0.0000000E+00   6.9532116-310
  9.38354915E+02   2.1105214E-04   0.0000000E+00   8.4290470E-06   0.0000000E+00   0.0000000E+00   6.9532116-310
  9.48354915E+02   2.1119487E-04   0.0000000E+00   8.4426720E-06   0.0000000E+00   0.0000000E+00   6.9532116-310
  9.58354915E+02   2.1132899E-04   0.0000000E+00   8.4557292E-06   0.0000000E+00   0.0000000E+00   6.9532116-310
  9.68354915E+02   2.1145109E-04   0.0000000E+00   8.4682273E-06   0.0000000E+00   0.0000000E+00   6.9532116-310
  9.78354915E+02   2.1156401E-04   0.0000000E+00   8.4801803E-06   0.0000000E+00   0.0000000E+00   6.9532116-310
  9.88354915E+02   2.1166552E-04   0.0000000E+00   8.4911207E-06   0.0000000E+00   0.0000000E+00   6.9532116-310
  9.98354915E+02   2.1175734E-04   0.0000000E+00   8.5014803E-06   0.0000000E+00   0.0000000E+00   6.9532116-310
  1.00835491E+03   2.1183966E-04   0.0000000E+00   8.5114931E-06   0.0000000E+00   0.0000000E+00   6.9532116-310
  1.01835491E+03   2.1191050E-04   0.0000000E+00   8.5210560E-06   0.0000000E+00   0.0000000E+00   6.9532116-310
  1.02835491E+03   2.1197345E-04   0.0000000E+00   8.5301242E-06   0.0000000E+00   0.0000000E+00   6.9532116-310
  1.03835491E+03   2.1202630E-04   0.0000000E+00   8.5386644E-06   0.0000000E+00   0.0000000E+00   6.9532116-310
  1.04835491E+03   2.1206968E-04   0.0000000E+00   8.5466956E-06   0.0000000E+00   0.0000000E+00   6.9532116-310
  1.05835491E+03   2.1210576E-04   0.0000000E+00   8.5542355E-06   0.0000000E+00   0.0000000E+00   6.9532116-310
  1.06835491E+03   2.1213415E-04   0.0000000E+00   8.5612888E-06   0.0000000E+00   0.0000000E+00   6.9532116-310
  1.07835491E+03   2.1214972E-04   0.0000000E+00   8.5678522E-06   0.0000000E+00   0.0000000E+00   6.9532116-310
  1.08835491E+03   2.1215938E-04   0.0000000E+00   8.5739426E-06   0.0000000E+00   0.0000000E+00   6.9532116-310
  1.09835491E+03   2.1216203E-04   0.0000000E+00   8.5795727E-06   0.0000000E+00   0.0000000E+00   6.9532116-310
  1.10835491E+03   2.1215717E-04   0.0000000E+00   8.5847470E-06   0.0000000E+00   0.0000000E+00   6.9532116-310
  1.11835491E+03   2.1214473E-04   0.0000000E+00   8.5894740E-06   0.0000000E+00   0.0000000E+00   6.9532116-310
  1.12835491E+03   2.1212478E-04   0.0000000E+00   8.5937643E-06   0.0000000E+00   0.0000000E+00   6.9532116-310
  1.13835491E+03   2.1209744E-04   0.0000000E+00   8.5976284E-06   0.0000000E+00   0.0000000E+00   6.9532116-310
  1.14835491E+03   2.1206275E-04   0.0000000E+00   8.6010752E-06   0.0000000E+00   0.0000000E+00   6.9532116-310
  1.15835491E+03   2.1201678E-04   0.0000000E+00   8.6041131E-06   0.0000000E+00   0.0000000E+00   6.9532116-310
  1.16835491E+03   2.1196582E-04   0.0000000E+00   8.6067571E-06   0.0000000E+00   0.0000000E+00   6.9532116-310
  1.17835491E+03   2.1190938E-04   0.0000000E+00   8.6090189E-06   0.0000000E+00   0.0000000E+00   6.9532116-310
  1.18835491E+03   2.1184844E-04   0.0000000E+00   8.6109091E-06   0.0000000E+00   0.0000000E+00   6.9532116-310
  1.19835491E+03   2.1178315E-04   0.0000000E+00   8.6124380E-06   0.0000000E+00   0.0000000E+00   6.9532116-310
  1.20835491E+03   2.1171276E-04   0.0000000E+00   8.6136128E-06   0.0000000E+00   0.0000000E+00   6.9532116-310
  1.21835491E+03   2.1163815E-04   0.0000000E+00   8.6144438E-06   0.0000000E+00   0.0000000E+00   6.9532116-310
  1.22835491E+03   2.1155974E-04   0.0000000E+00   8.6149393E-06   0.0000000E+00   0.0000000E+00   6.9532116-310
  1.23835491E+03   2.1147735E-04   0.0000000E+00   8.6151026E-06   0.0000000E+00   0.0000000E+00   6.9532116-310
  1.24835491E+03   2.1139061E-04   0.0000000E+00   8.6149161E-06   0.0000000E+00   0.0000000E+00   6.9532116-310
  1.25835491E+03   2.1129963E-04   0.0000000E+00   8.6143868E-06   0.0000000E+00   0.0000000E+00   6.9532116-310
  1.26835491E+03   2.1120439E-04   0.0000000E+00   8.6135364E-06   0.0000000E+00   0.0000000E+00   6.9532116-310
  1.27835491E+03   2.1110507E-04   0.0000000E+00   8.6123872E-06   0.0000000E+00   0.0000000E+00   6.9532116-310
  1.28835491E+03   2.1100199E-04   0.0000000E+00   8.6109574E-06   0.0000000E+00   0.0000000E+00   6.9532116-310
  1.29835491E+03   2.1089559E-04   0.0000000E+00   8.6093466E-06   0.0000000E+00   0.0000000E+00   6.9532116-310
  1.30835491E+03   2.1078445E-04   0.0000000E+00   8.6082416E-06   0.0000000E+00   0.0000000E+00   6.9532116-310
  1.31835491E+03   2.1067147E-04   0.0000000E+00   8.6069055E-06   0.0000000E+00   0.0000000E+00   6.9532116-310
  1.32835491E+03   2.1055688E-04   0.0000000E+00   8.6053552E-06   0.0000000E+00   0.0000000E+00   6.9532116-310
  1.33835491E+03   2.1043831E-04   0.0000000E+00   8.6040141E-06   0.0000000E+00   0.0000000E+00   6.9532116-310
  1.34835491E+03   2.1031866E-04   0.0000000E+00   8.6025256E-06   0.0000000E+00   0.0000000E+00   6.9532116-310
  1.35835491E+03   2.1019746E-04   0.0000000E+00   8.6008540E-06   0.0000000E+00   0.0000000E+00   6.9532116-310
  1.36835491E+03   2.1007488E-04   0.0000000E+00   8.5990026E-06   0.0000000E+00   0.0000000E+00   6.9532116-310
  1.37835491E+03   2.0994994E-04   0.0000000E+00   8.5969762E-06   0.0000000E+00   0.0000000E+00   6.9532116-310
  1.38835491E+03   2.0982255E-04   0.0000000E+00   8.5947782E-06   0.0000000E+00   0.0000000E+00   6.9532116-310
  1.39835491E+03   2.0969070E-04   0.0000000E+00   8.5924071E-06   0.0000000E+00   0.0000000E+00   6.9532116-310
  1.40835491E+03   2.0955708E-04   0.0000000E+00   8.5898729E-06   0.0000000E+00   0.0000000E+00   6.9532116-310
  1.41835491E+03   2.0942136E-04   0.0000000E+00   8.5871827E-06   0.0000000E+00   0.0000000E+00   6.9532116-310
  1.42835491E+03   2.0928356E-04   0.0000000E+00   8.5843395E-06   0.0000000E+00   0.0000000E+00   6.9532116-310
  1.43835491E+03   2.0914492E-04   0.0000000E+00   8.5813466E-06   0.0000000E+00   0.0000000E+00   6.9532116-310
  1.44835491E+03   2.0900423E-04   0.0000000E+00   8.5782073E-06   0.0000000E+00   0.0000000E+00   6.9532116-310
  1.45835491E+03   2.0886149E-04   0.0000000E+00   8.5749255E-06   0.0000000E+00   0.0000000E+00   6.9532116-310
  1.46835491E+03   2.0871671E-04   0.0000000E+00   8.5715045E-06   0.0000000E+00   0.0000000E+00   6.9532116-310
  1.47835491E+03   2.0857063E-04   0.0000000E+00   8.5679469E-06   0.0000000E+00   0.0000000E+00   6.9532116-310
  1.48835491E+03   2.0842363E-04   0.0000000E+00   8.5642560E-06   0.0000000E+00   0.0000000E+00   6.9532116-310
  1.49835491E+03   2.0827494E-04   0.0000000E+00   8.5604349E-06   0.0000000E+00   0.0000000E+00   6.9532116-310
  1.50835491E+03   2.0812453E-04   0.0000000E+00   8.5564864E-06   0.0000000E+00   0.0000000E+00   6.9532116-310
  1.51835491E+03   2.0797247E-04   0.0000000E+00   8.5524140E-06   0.0000000E+00   0.0000000E+00   6.9532116-310
  1.52835491E+03   2.0781875E-04   0.0000000E+00   8.5482201E-06   0.0000000E+00   0.0000000E+00   6.9532116-310
  1.53835491E+03   2.0766347E-04   0.0000000E+00   8.5439086E-06   0.0000000E+00   0.0000000E+00   6.9532116-310
  1.54835491E+03   2.0750326E-04   0.0000000E+00   8.5394829E-06   0.0000000E+00   0.0000000E+00   6.9532116-310
  1.55835491E+03   2.0734328E-04   0.0000000E+00   8.5349484E-06   0.0000000E+00   0.0000000E+00   6.9532116-310
  1.56835491E+03   2.0718064E-04   0.0000000E+00   8.5303075E-06   0.0000000E+00   0.0000000E+00   6.9532116-310
  1.57835491E+03   2.0701803E-04   0.0000000E+00   8.5255635E-06   0.0000000E+00   0.0000000E+00   6.9532116-310
  1.58835491E+03   2.0685466E-04   0.0000000E+00   8.5207198E-06   0.0000000E+00   0.0000000E+00   6.9532116-310
  1.59835491E+03   2.0669023E-04   0.0000000E+00   8.5157787E-06   0.0000000E+00   0.0000000E+00   6.9532116-310
  1.60835491E+03   2.0652399E-04   0.0000000E+00   8.5107419E-06   0.0000000E+00   0.0000000E+00   6.9532116-310
  1.61835491E+03   2.0635245E-04   0.0000000E+00   8.5054275E-06   0.0000000E+00   0.0000000E+00   6.9532116-310
  1.62835491E+03   2.0618264E-04   0.0000000E+00   8.5000000E-06   0.0000000E+00   0.0000000E+00   6.9532116-310
  1.63835491E+03   2.0601334E-04   0.0000000E+00   8.4945409E-06   0.0000000E+00   0.0000000E+00   6.9532116-310
  1.64835491E+03   2.0584355E-04   0.0000000E+00   8.4890064E-06   0.0000000E+00   0.0000000E+00   6.9532116-310
  1.65835491E+03   2.0567100E-04   0.0000000E+00   8.4833651E-06   0.0000000E+00   0.0000000E+00   6.9532116-310
  1.66835491E+03   2.0549855E-04   0.0000000E+00   8.4776216E-06   0.0000000E+00   0.0000000E+00   6.9532116-310
  1.67835491E+03   2.0532626E-04   0.0000000E+00   8.4717808E-06   0.0000000E+00   0.0000000E+00   6.9532116-310
  1.68835491E+03   2.0515432E-04   0.0000000E+00   8.4658408E-06   0.0000000E+00   0.0000000E+00   6.9532116-310
  1.69835491E+03   2.0498177E-04   0.0000000E+00   8.4598011E-06   0.0000000E+00   0.0000000E+00   6.9532116-310
  1.70835491E+03   2.0480687E-04   0.0000000E+00   8.4536281E-06   0.0000000E+00   0.0000000E+00   6.9532116-310
  1.71835491E+03   2.0463197E-04   0.0000000E+00   8.4473543E-06   0.0000000E+00   0.0000000E+00   6.9532116-310
  1.72835491E+03   2.0445659E-04   0.0000000E+00   8.4409959E-06   0.0000000E+00   0.0000000E+00   6.9532116-310
  1.73835491E+03   2.0428105E-04   0.0000000E+00   8.4345462E-06   0.0000000E+00   0.0000000E+00   6.9532116-310
  1.74835491E+03   2.0410490E-04   0.0000000E+00   8.4280021E-06   0.0000000E+00   0.0000000E+00   6.9532116-310
  1.75835491E+03   2.0392807E-04   0.0000000E+00   8.4213636E-06   0.0000000E+00   0.0000000E+00   6.9532116-310
  1.76835491E+03   2.0374599E-04   0.0000000E+00   8.4146320E-06   0.0000000E+00   0.0000000E+00   6.9532116-310
  1.77835491E+03   2.0356518E-04   0.0000000E+00   8.4078115E-06   0.0000000E+00   0.0000000E+00   6.9532116-310
  1.78835491E+03   2.0338227E-04   0.0000000E+00   8.4009005E-06   0.0000000E+00   0.0000000E+00   6.9532116-310
  1.79835491E+03   2.0319985E-04   0.0000000E+00   8.3939040E-06   0.0000000E+00   0.0000000E+00   6.9532116-310
  1.80835491E+03   2.0301715E-04   0.0000000E+00   8.3868248E-06   0.0000000E+00   0.0000000E+00   6.9532116-310
  1.81835491E+03   2.0283382E-04   0.0000000E+00   8.3796639E-06   0.0000000E+00   0.0000000E+00   6.9532116-310
  1.82835491E+03   2.0264968E-04   0.0000000E+00   8.3724226E-06   0.0000000E+00   0.0000000E+00   6.9532116-310
  1.83835491E+03   2.0246140E-04   0.0000000E+00   8.3651010E-06   0.0000000E+00   0.0000000E+00   6.9532116-310
  1.84835491E+03   2.0227377E-04   0.0000000E+00   8.3577040E-06   0.0000000E+00   0.0000000E+00   6.9532116-310
  1.85835491E+03   2.0208597E-04   0.0000000E+00   8.3502353E-06   0.0000000E+00   0.0000000E+00   6.9532116-310
  1.86835491E+03   2.0189755E-04   0.0000000E+00   8.3426957E-06   0.0000000E+00   0.0000000E+00   6.9532116-310
  1.87835491E+03   2.0170838E-04   0.0000000E+00   8.3350865E-06   0.0000000E+00   0.0000000E+00   6.9532116-310
  1.88835491E+03   2.0151902E-04   0.0000000E+00   8.3274101E-06   0.0000000E+00   0.0000000E+00   6.9532116-310
  1.89835491E+03   2.0132950E-04   0.0000000E+00   8.3196682E-06   0.0000000E+00   0.0000000E+00   6.9532116-310
  1.90835491E+03   2.0113933E-04   0.0000000E+00   8.3118625E-06   0.0000000E+00   0.0000000E+00   6.9532116-310
  1.91835491E+03   2.0094666E-04   0.0000000E+00   8.3022721E-06   0.0000000E+00   0.0000000E+00   6.9532116-310
  1.92835491E+03   2.0075432E-04   0.0000000E+00   8.2926771E-06   0.0000000E+00   0.0000000E+00   6.9532116-310
  1.93835491E+03   2.0056315E-04   0.0000000E+00   8.2838807E-06   0.0000000E+00   0.0000000E+00   6.9532116-310
  1.94835491E+03   2.0037218E-04   0.0000000E+00   8.2753581E-06   0.0000000E+00   0.0000000E+00   6.9532116-310
  1.95835491E+03   2.0018096E-04   0.0000000E+00   8.2668569E-06   0.0000000E+00   0.0000000E+00   6.9532116-310
  1.96835491E+03   1.9998945E-04   0.0000000E+00   8.2582843E-06   0.0000000E+00   0.0000000E+00   6.9532116-310
  1.97835491E+03   1.9979769E-04   0.0000000E+00   8.2496127E-06   0.0000000E+00   0.0000000E+00   6.9532116-310
  1.98835491E+03   1.9960656E-04   0.0000000E+00   8.2408361E-06   0.0000000E+00   0.0000000E+00   6.9532116-310
  1.99835491E+03   1.9941524E-04   0.0000000E+00   8.2319543E-06   0.0000000E+00   0.0000000E+00   6.9532116-310
  2.00835491E+03   1.9922540E-04   0.0000000E+00   8.2229693E-06   0.0000000E+00   0.0000000E+00   6.9532116-310
  2.01835491E+03   1.9903626E-04   0.0000000E+00   8.2138841E-06   0.0000000E+00   0.0000000E+00   6.9532116-310
  2.02835491E+03   1.9884742E-04   0.0000000E+00   8.2047016E-06   0.0000000E+00   0.0000000E+00   6.9532116-310
  2.03835491E+03   1.9865649E-04   0.0000000E+00   8.1954162E-06   0.0000000E+00   0.0000000E+00   6.9532116-310
  2.04835491E+03   1.9846651E-04   0.0000000E+00   8.1860378E-06   0.0000000E+00   0.0000000E+00   6.9532116-310
  2.05835491E+03   1.9827703E-04   0.0000000E+00   8.1765731E-06   0.0000000E+00   0.0000000E+00   6.9532116-310
  2.06835491E+03   1.9808778E-04   0.0000000E+00   8.1670234E-06   0.0000000E+00   0.0000000E+00   6.9532116-310
  2.07835491E+03   1.9789875E-04   0.0000000E+00   8.1573897E-06   0.0000000E+00   0.0000000E+00   6.9532116-310
  2.08835491E+03   1.9771006E-04   0.0000000E+00   8.1476747E-06   0.0000000E+00   0.0000000E+00   6.9532116-310
  2.09835491E+03   1.9752155E-04   0.0000000E+00   8.1378817E-06   0.0000000E+00   0.0000000E+00   6.9532116-310
  2.10835491E+03   1.9733320E-04   0.0000000E+00   8.1280140E-06   0.0000000E+00   0.0000000E+00   6.9532116-310
  2.11835491E+03   1.9714502E-04   0.0000000E+00   8.1180744E-06   0.0000000E+00   0.0000000E+00   6.9532116-310
  2.12835491E+03   1.9695515E-04   0.0000000E+00   8.1080404E-06   0.0000000E+00   0.0000000E+00   6.9532116-310
  2.13835491E+03   1.9676643E-04   0.0000000E+00   8.0979368E-06   0.0000000E+00   0.0000000E+00   6.9532116-310
  2.14835491E+03   1.9657868E-04   0.0000000E+00   8.0877773E-06   0.0000000E+00   0.0000000E+00   6.9532116-310
  2.15835491E+03   1.9639235E-04   0.0000000E+00   8.0775576E-06   0.0000000E+00   0.0000000E+00   6.9532116-310
  2.16835491E+03   1.9620687E-04   0.0000000E+00   8.0672781E-06   0.0000000E+00   0.0000000E+00   6.9532116-310
  2.17835491E+03   1.9602182E-04   0.0000000E+00   8.0569409E-06   0.0000000E+00   0.0000000E+00   6.9532116-310
  2.18835491E+03   1.9583738E-04   0.0000000E+00   8.0465484E-06   0.0000000E+00   0.0000000E+00   6.9532116-310
  2.19835491E+03   1.9565352E-04   0.0000000E+00   8.0361028E-06   0.0000000E+00   0.0000000E+00   6.9532116-310
  2.20835491E+03   1.9547070E-04   0.0000000E+00   8.0256057E-06   0.0000000E+00   0.0000000E+00   6.9532116-310
  2.21835491E+03   1.9529004E-04   0.0000000E+00   8.0150590E-06   0.0000000E+00   0.0000000E+00   6.9532116-310
  2.22835491E+03   1.9510829E-04   0.0000000E+00   8.0043599E-06   0.0000000E+00   0.0000000E+00   6.9532116-310
  2.23835491E+03   1.9492791E-04   0.0000000E+00   7.9936010E-06   0.0000000E+00   0.0000000E+00   6.9532116-310
  2.24835491E+03   1.9474839E-04   0.0000000E+00   7.9828328E-06   0.0000000E+00   0.0000000E+00   6.9532116-310
  2.25835491E+03   1.9456950E-04   0.0000000E+00   7.9720326E-06   0.0000000E+00   0.0000000E+00   6.9532116-310
  2.26835491E+03   1.9439125E-04   0.0000000E+00   7.9611899E-06   0.0000000E+00   0.0000000E+00   6.9532116-310
  2.27835491E+03   1.9421398E-04   0.0000000E+00   7.9503022E-06   0.0000000E+00   0.0000000E+00   6.9532116-310
  2.28835491E+03   1.9403239E-04   0.0000000E+00   7.9393658E-06   0.0000000E+00   0.0000000E+00   6.9532116-310
  2.29835491E+03   1.9385352E-04   0.0000000E+00   7.9283855E-06   0.0000000E+00   0.0000000E+00   6.9532116-310
  2.30835491E+03   1.9367597E-04   0.0000000E+00   7.9173649E-06   0.0000000E+00   0.0000000E+00   6.9532116-310
  2.31835491E+03   1.9349902E-04   0.0000000E+00   7.9063049E-06   0.0000000E+00   0.0000000E+00   6.9532116-310
  2.32835491E+03   1.9332131E-04   0.0000000E+00   7.8952062E-06   0.0000000E+00   0.0000000E+00   6.9532116-310
  2.33835491E+03   1.9314458E-04   0.0000000E+00   7.8840634E-06   0.0000000E+00   0.0000000E+00   6.9532116-310
  2.34835491E+03   1.9296844E-04   0.0000000E+00   7.8728869E-06   0.0000000E+00   0.0000000E+00   6.9532116-310
  2.35835491E+03   1.9279267E-04   0.0000000E+00   7.8616840E-06   0.0000000E+00   0.0000000E+00   6.9532116-310
  2.36835491E+03   1.9261715E-04   0.0000000E+00   7.8504556E-06   0.0000000E+00   0.0000000E+00   6.9532116-310
  2.37835491E+03   1.9244180E-04   0.0000000E+00   7.8392018E-06   0.0000000E+00   0.0000000E+00   6.9532116-310
  2.38835491E+03   1.9226307E-04   0.0000000E+00   7.8279210E-06   0.0000000E+00   0.0000000E+00   6.9532116-310
  2.39835491E+03   1.9208614E-04   0.0000000E+00   7.8166144E-06   0.0000000E+00   0.0000000E+00   6.9532116-310
  2.40835491E+03   1.9191006E-04   0.0000000E+00   7.8052848E-06   0.0000000E+00   0.0000000E+00   6.9532116-310
  2.41835491E+03   1.9173431E-04   0.0000000E+00   7.7939339E-06   0.0000000E+00   0.0000000E+00   6.9532116-310
  2.42835491E+03   1.9155873E-04   0.0000000E+00   7.7825630E-06   0.0000000E+00   0.0000000E+00   6.9532116-310
  2.43835491E+03   1.9138322E-04   0.0000000E+00   7.7711730E-06   0.0000000E+00   0.0000000E+00   6.9532116-310
  2.44835491E+03   1.9120778E-04   0.0000000E+00   7.7597639E-06   0.0000000E+00   0.0000000E+00   6.9532116-310
  2.45835491E+03   1.9103240E-04   0.0000000E+00   7.7483368E-06   0.0000000E+00   0.0000000E+00   6.9532116-310
  2.46835491E+03   1.9085709E-04   0.0000000E+00   7.7368927E-06   0.0000000E+00   0.0000000E+00   6.9532116-310
  2.47835491E+03   1.9068189E-04   0.0000000E+00   7.7254327E-06   0.0000000E+00   0.0000000E+00   6.9532116-310
  2.48835491E+03   1.9050716E-04   0.0000000E+00   7.7139578E-06   0.0000000E+00   0.0000000E+00   6.9532116-310
  2.49835491E+03   1.9033257E-04   0.0000000E+00   7.7024678E-06   0.0000000E+00   0.0000000E+00   6.9532116-310
  2.50835491E+03   1.9015585E-04   0.0000000E+00   7.6909573E-06   0.0000000E+00   0.0000000E+00   6.9532116-310
  2.51835491E+03   1.8998027E-04   0.0000000E+00   7.6794318E-06   0.0000000E+00   0.0000000E+00   6.9532116-310
  2.52835491E+03   1.8980531E-04   0.0000000E+00   7.6678950E-06   0.0000000E+00   0.0000000E+00   6.9532116-310
  2.53835491E+03   1.8963068E-04   0.0000000E+00   7.6563464E-06   0.0000000E+00   0.0000000E+00   6.9532116-310
  2.54835491E+03   1.8945653E-04   0.0000000E+00   7.6447864E-06   0.0000000E+00   0.0000000E+00   6.9532116-310
  2.55835491E+03   1.8927903E-04   0.0000000E+00   7.6332132E-06   0.0000000E+00   0.0000000E+00   6.9532116-310
  2.56835491E+03   1.8910345E-04   0.0000000E+00   7.6216288E-06   0.0000000E+00   0.0000000E+00   6.9532116-310
  2.57835491E+03   1.8892666E-04   0.0000000E+00   7.6100160E-06   0.0000000E+00   0.0000000E+00   6.9532116-310
  2.58835491E+03   1.8875110E-04   0.0000000E+00   7.5983912E-06   0.0000000E+00   0.0000000E+00   6.9532116-310
  2.59835491E+03   1.8857151E-04   0.0000000E+00   7.5867606E-06   0.0000000E+00   0.0000000E+00   6.9532116-310
  2.60835491E+03   1.8839433E-04   0.0000000E+00   7.5751220E-06   0.0000000E+00   0.0000000E+00   6.9532116-310
  2.61835491E+03   1.8821831E-04   0.0000000E+00   7.5634757E-06   0.0000000E+00   0.0000000E+00   6.9532116-310
  2.62835491E+03   1.8804271E-04   0.0000000E+00   7.5518186E-06   0.0000000E+00   0.0000000E+00   6.9532116-310
  2.63835491E+03   1.8786718E-04   0.0000000E+00   7.5401493E-06   0.0000000E+00   0.0000000E+00   6.9532116-310
  2.64835491E+03   1.8769163E-04   0.0000000E+00   7.5284731E-06   0.0000000E+00   0.0000000E+00   6.9532116-310
  2.65835491E+03   1.8751602E-04   0.0000000E+00   7.5167963E-06   0.0000000E+00   0.0000000E+00   6.9532116-310
  2.66835491E+03   1.8734032E-04   0.0000000E+00   7.5051229E-06   0.0000000E+00   0.0000000E+00   6.9532116-310
  2.67835491E+03   1.8716450E-04   0.0000000E+00   7.4934571E-06   0.0000000E+00   0.0000000E+00   6.9532116-310
  2.68835491E+03   1.8698858E-04   0.0000000E+00   7.4818022E-06   0.0000000E+00   0.0000000E+00   6.9532116-310
  2.69835491E+03   1.8681255E-04   0.0000000E+00   7.4701607E-06   0.0000000E+00   0.0000000E+00   6.9532116-310
  2.70835491E+03   1.8663643E-04   0.0000000E+00   7.4585353E-06   0.0000000E+00   0.0000000E+00   6.9532116-310
  2.71835491E+03   1.8646021E-04   0.0000000E+00   7.4469275E-06   0.0000000E+00   0.0000000E+00   6.9532116-310
  2.72835491E+03   1.8628393E-04   0.0000000E+00   7.4353390E-06   0.0000000E+00   0.0000000E+00   6.9532116-310
  2.73835491E+03   1.8610764E-04   0.0000000E+00   7.4237706E-06   0.0000000E+00   0.0000000E+00   6.9532116-310
  2.74835491E+03   1.8593136E-04   0.0000000E+00   7.4122235E-06   0.0000000E+00   0.0000000E+00   6.9532116-310
  2.75835491E+03   1.8575511E-04   0.0000000E+00   7.4006989E-06   0.0000000E+00   0.0000000E+00   6.9532116-310
  2.76835491E+03   1.8557892E-04   0.0000000E+00   7.3891979E-06   0.0000000E+00   0.0000000E+00   6.9532116-310
  2.77835491E+03   1.8540289E-04   0.0000000E+00   7.3777210E-06   0.0000000E+00   0.0000000E+00   6.9532116-310
  2.78835491E+03   1.8522750E-04   0.0000000E+00   7.3662686E-06   0.0000000E+00   0.0000000E+00   6.9532116-310
  2.79835491E+03   1.8505231E-04   0.0000000E+00   7.3548413E-06   0.0000000E+00   0.0000000E+00   6.9532116-310
  2.80835491E+03   1.8487733E-04   0.0000000E+00   7.3434393E-06   0.0000000E+00   0.0000000E+00   6.9532116-310
  2.81835491E+03   1.8470258E-04   0.0000000E+00   7.3320631E-06   0.0000000E+00   0.0000000E+00   6.9532116-310
  2.82835491E+03   1.8452816E-04   0.0000000E+00   7.3207128E-06   0.0000000E+00   0.0000000E+00   6.9532116-310
  2.83835491E+03   1.8435268E-04   0.0000000E+00   7.3093222E-06   0.0000000E+00   0.0000000E+00   6.9532116-310
  2.84835491E+03   1.8417836E-04   0.0000000E+00   7.2979509E-06   0.0000000E+00   0.0000000E+00   6.9532116-310
  2.85835491E+03   1.8400485E-04   0.0000000E+00   7.2866283E-06   0.0000000E+00   0.0000000E+00   6.9532116-310
  2.86835491E+03   1.8383218E-04   0.0000000E+00   7.2753369E-06   0.0000000E+00   0.0000000E+00   6.9532116-310
  2.87835491E+03   1.8366091E-04   0.0000000E+00   7.2640683E-06   0.0000000E+00   0.0000000E+00   6.9532116-310
  2.88835491E+03   1.8349020E-04   0.0000000E+00   7.2528195E-06   0.0000000E+00   0.0000000E+00   6.9532116-310
  2.89835491E+03   1.8332000E-04   0.0000000E+00   7.2415896E-06   0.0000000E+00   0.0000000E+00   6.9532116-310
  2.90835491E+03   1.8315042E-04   0.0000000E+00   7.2303779E-06   0.0000000E+00   0.0000000E+00   6.9532116-310
  2.91835491E+03   1.8298222E-04   0.0000000E+00   7.2191841E-06   0.0000000E+00   0.0000000E+00   6.9532116-310
  2.92835491E+03   1.8281622E-04   0.0000000E+00   7.2080081E-06   0.0000000E+00   0.0000000E+00   6.9532116-310
  2.93835491E+03   1.8265123E-04   0.0000000E+00   7.1968495E-06   0.0000000E+00   0.0000000E+00   6.9532116-310
  2.94835491E+03   1.8248687E-04   0.0000000E+00   7.1857082E-06   0.0000000E+00   0.0000000E+00   6.9532116-310
  2.95835491E+03   1.8232333E-04   0.0000000E+00   7.1749976E-06   0.0000000E+00   0.0000000E+00   6.9532116-310
  2.96835491E+03   1.8216037E-04   0.0000000E+00   7.1643983E-06   0.0000000E+00   0.0000000E+00   6.9532116-310
  2.97835491E+03   1.8199456E-04   0.0000000E+00   7.1538176E-06   0.0000000E+00   0.0000000E+00   6.9532116-310
  2.98835491E+03   1.8183094E-04   0.0000000E+00   7.1432579E-06   0.0000000E+00   0.0000000E+00   6.9532116-310
  2.99835491E+03   1.8166687E-04   0.0000000E+00   7.1319604E-06   0.0000000E+00   0.0000000E+00   6.9532116-310
  3.00835491E+03   1.8150421E-04   0.0000000E+00   7.1206467E-06   0.0000000E+00   0.0000000E+00   6.9532116-310
  3.01835491E+03   1.8134246E-04   0.0000000E+00   7.1096656E-06   0.0000000E+00   0.0000000E+00   6.9532116-310
  3.02835491E+03   1.8118131E-04   0.0000000E+00   7.0988116E-06   0.0000000E+00   0.0000000E+00   6.9532116-310
  3.03835491E+03   1.8102063E-04   0.0000000E+00   7.0879846E-06   0.0000000E+00   0.0000000E+00   6.9532116-310
  3.04835491E+03   1.8086053E-04   0.0000000E+00   7.0771480E-06   0.0000000E+00   0.0000000E+00   6.9532116-310
  3.05835491E+03   1.8070108E-04   0.0000000E+00   7.0662901E-06   0.0000000E+00   0.0000000E+00   6.9532116-310
  3.06835491E+03   1.8054242E-04   0.0000000E+00   7.0554076E-06   0.0000000E+00   0.0000000E+00   6.9532116-310
  3.07835491E+03   1.8038192E-04   0.0000000E+00   7.0444945E-06   0.0000000E+00   0.0000000E+00   6.9532116-310
  3.08835491E+03   1.8022075E-04   0.0000000E+00   7.0335421E-06   0.0000000E+00   0.0000000E+00   6.9532116-310
  3.09835491E+03   1.8006169E-04   0.0000000E+00   7.0225649E-06   0.0000000E+00   0.0000000E+00   6.9532116-310
  3.10835491E+03   1.7990412E-04   0.0000000E+00   7.0115673E-06   0.0000000E+00   0.0000000E+00   6.9532116-310
  3.11835491E+03   1.7974781E-04   0.0000000E+00   7.0005471E-06   0.0000000E+00   0.0000000E+00   6.9532116-310
  3.12835491E+03   1.7959228E-04   0.0000000E+00   6.9895044E-06   0.0000000E+00   0.0000000E+00   6.9532116-310
  3.13835491E+03   1.7943721E-04   0.0000000E+00   6.9784398E-06   0.0000000E+00   0.0000000E+00   6.9532116-310
  3.14835491E+03   1.7928252E-04   0.0000000E+00   6.9673544E-06   0.0000000E+00   0.0000000E+00   6.9532116-310
  3.15835491E+03   1.7912827E-04   0.0000000E+00   6.9562495E-06   0.0000000E+00   0.0000000E+00   6.9532116-310
  3.16835491E+03   1.7897505E-04   0.0000000E+00   6.9451258E-06   0.0000000E+00   0.0000000E+00   6.9532116-310
  3.17835491E+03   1.7882253E-04   0.0000000E+00   6.9339849E-06   0.0000000E+00   0.0000000E+00   6.9532116-310
  3.18835491E+03   1.7867037E-04   0.0000000E+00   6.9228283E-06   0.0000000E+00   0.0000000E+00   6.9532116-310
  3.19835491E+03   1.7851853E-04   0.0000000E+00   6.9116578E-06   0.0000000E+00   0.0000000E+00   6.9532116-310
  3.20835491E+03   1.7836701E-04   0.0000000E+00   6.9004743E-06   0.0000000E+00   0.0000000E+00   6.9532116-310
  3.21835491E+03   1.7821618E-04   0.0000000E+00   6.8892790E-06   0.0000000E+00   0.0000000E+00   6.9532116-310
  3.22835491E+03   1.7806623E-04   0.0000000E+00   6.8780731E-06   0.0000000E+00   0.0000000E+00   6.9532116-310
  3.23835491E+03   1.7791663E-04   0.0000000E+00   6.8668576E-06   0.0000000E+00   0.0000000E+00   6.9532116-310
  3.24835491E+03   1.7776735E-04   0.0000000E+00   6.8556335E-06   0.0000000E+00   0.0000000E+00   6.9532116-310
  3.25835491E+03   1.7761837E-04   0.0000000E+00   6.8444018E-06   0.0000000E+00   0.0000000E+00   6.9532116-310
  3.26835491E+03   1.7746967E-04   0.0000000E+00   6.8331628E-06   0.0000000E+00   0.0000000E+00   6.9532116-310
  3.27835491E+03   1.7731937E-04   0.0000000E+00   6.8219136E-06   0.0000000E+00   0.0000000E+00   6.9532116-310
  3.28835491E+03   1.7717033E-04   0.0000000E+00   6.8106556E-06   0.0000000E+00   0.0000000E+00   6.9532116-310
  3.29835491E+03   1.7702186E-04   0.0000000E+00   6.7993926E-06   0.0000000E+00   0.0000000E+00   6.9532116-310
  3.30835491E+03   1.7687372E-04   0.0000000E+00   6.7881288E-06   0.0000000E+00   0.0000000E+00   6.9532116-310
  3.31835491E+03   1.7672472E-04   0.0000000E+00   6.7768623E-06   0.0000000E+00   0.0000000E+00   6.9532116-310
  3.32835491E+03   1.7657663E-04   0.0000000E+00   6.7655969E-06   0.0000000E+00   0.0000000E+00   6.9532116-310
  3.33835491E+03   1.7642909E-04   0.0000000E+00   6.7543368E-06   0.0000000E+00   0.0000000E+00   6.9532116-310
  3.34835491E+03   1.7628193E-04   0.0000000E+00   6.7430835E-06   0.0000000E+00   0.0000000E+00   6.9532116-310
  3.35835491E+03   1.7613508E-04   0.0000000E+00   6.7318383E-06   0.0000000E+00   0.0000000E+00   6.9532116-310
  3.36835491E+03   1.7598849E-04   0.0000000E+00   6.7206018E-06   0.0000000E+00   0.0000000E+00   6.9532116-310
  3.37835491E+03   1.7584217E-04   0.0000000E+00   6.7093746E-06   0.0000000E+00   0.0000000E+00   6.9532116-310
  3.38835491E+03   1.7569611E-04   0.0000000E+00   6.6981574E-06   0.0000000E+00   0.0000000E+00   6.9532116-310
  3.39835491E+03   1.7555030E-04   0.0000000E+00   6.6869506E-06   0.0000000E+00   0.0000000E+00   6.9532116-310
  3.40835491E+03   1.7540474E-04   0.0000000E+00   6.6757539E-06   0.0000000E+00   0.0000000E+00   6.9532116-310
  3.41835491E+03   1.7525943E-04   0.0000000E+00   6.6645679E-06   0.0000000E+00   0.0000000E+00   6.9532116-310
  3.42835491E+03   1.7511438E-04   0.0000000E+00   6.6533931E-06   0.0000000E+00   0.0000000E+00   6.9532116-310
  3.43835491E+03   1.7496958E-04   0.0000000E+00   6.6422298E-06   0.0000000E+00   0.0000000E+00   6.9532116-310
  3.44835491E+03   1.7482505E-04   0.0000000E+00   6.6310782E-06   0.0000000E+00   0.0000000E+00   6.9532116-310
  3.45835491E+03   1.7468080E-04   0.0000000E+00   6.6199385E-06   0.0000000E+00   0.0000000E+00   6.9532116-310
  3.46835491E+03   1.7453684E-04   0.0000000E+00   6.6088110E-06   0.0000000E+00   0.0000000E+00   6.9532116-310
  3.47835491E+03   1.7439099E-04   0.0000000E+00   6.5976543E-06   0.0000000E+00   0.0000000E+00   6.9532116-310
  3.48835491E+03   1.7424635E-04   0.0000000E+00   6.5865064E-06   0.0000000E+00   0.0000000E+00   6.9532116-310
  3.49835491E+03   1.7410248E-04   0.0000000E+00   6.5753859E-06   0.0000000E+00   0.0000000E+00   6.9532116-310
  3.50835491E+03   1.7395911E-04   0.0000000E+00   6.5642845E-06   0.0000000E+00   0.0000000E+00   6.9532116-310
  3.51835491E+03   1.7381615E-04   0.0000000E+00   6.5531987E-06   0.0000000E+00   0.0000000E+00   6.9532116-310
  3.52835491E+03   1.7367357E-04   0.0000000E+00   6.5421263E-06   0.0000000E+00   0.0000000E+00   6.9532116-310
  3.53835491E+03   1.7353133E-04   0.0000000E+00   6.5310666E-06   0.0000000E+00   0.0000000E+00   6.9532116-310
  3.54835491E+03   1.7338945E-04   0.0000000E+00   6.5200204E-06   0.0000000E+00   0.0000000E+00   6.9532116-310
  3.55835491E+03   1.7324790E-04   0.0000000E+00   6.5089885E-06   0.0000000E+00   0.0000000E+00   6.9532116-310
  3.56835491E+03   1.7310668E-04   0.0000000E+00   6.4979706E-06   0.0000000E+00   0.0000000E+00   6.9532116-310
  3.57835491E+03   1.7296577E-04   0.0000000E+00   6.4869659E-06   0.0000000E+00   0.0000000E+00   6.9532116-310
  3.58835491E+03   1.7282514E-04   0.0000000E+00   6.4759747E-06   0.0000000E+00   0.0000000E+00   6.9532116-310
  3.59417746E+03   1.7274300E-04   0.0000000E+00   6.4692534E-06   0.0000000E+00   0.0000000E+00   6.9532116-310
  3.60000000E+03   1.7266320E-04   0.0000000E+00   6.4630895E-06   0.0000000E+00   0.0000000E+00   6.9532116-310
